-1.043999999999999950e+01 9.004588269093492414e+00
-1.042999999999999972e+01 9.034490188615631467e+00
-1.041999999999999993e+01 9.064622665682456670e+00
-1.041000000000000014e+01 9.094988696049625787e+00
-1.040000000000000036e+01 9.125591331305390241e+00
-1.039000000000000057e+01 9.156433680232902717e+00
-1.038000000000000078e+01 9.187518910213775314e+00
-1.036999999999999922e+01 9.218850248674357317e+00
-1.035999999999999943e+01 9.250430984576329507e+00
-1.034999999999999964e+01 9.282264469953197761e+00
-1.033999999999999986e+01 9.314354121494421435e+00
-1.033000000000000007e+01 9.346703422178883613e+00
-1.032000000000000028e+01 9.379315922959596818e+00
-1.031000000000000050e+01 9.412195244501525337e+00
-1.030000000000000071e+01 9.445345078974551001e+00
-1.028999999999999915e+01 9.478769191903651858e+00
-1.027999999999999936e+01 9.512471424078452031e+00
-1.026999999999999957e+01 9.546455693524521280e+00
-1.025999999999999979e+01 9.580725997538618088e+00
-1.025000000000000000e+01 9.615286414790533698e+00
-1.024000000000000021e+01 9.650141107494002668e+00
-1.023000000000000043e+01 9.685294323649451087e+00
-1.022000000000000064e+01 9.720750399361371308e+00
-1.021000000000000085e+01 9.756513761233293280e+00
-1.019999999999999929e+01 9.792588928843404261e+00
-1.018999999999999950e+01 9.828980517304064080e+00
-1.017999999999999972e+01 9.865693239908592815e+00
-1.016999999999999993e+01 9.902731910868805443e+00
-1.016000000000000014e+01 9.940101448146997143e+00
-1.015000000000000036e+01 9.977806876386225099e+00
-1.014000000000000057e+01 1.001585332994289601e+01
-1.013000000000000078e+01 1.005424605602587462e+01
-1.011999999999999922e+01 1.009299041794649021e+01
-1.010999999999999943e+01 1.013209189848402048e+01
-1.009999999999999964e+01 1.017155610337154670e+01
-1.008999999999999986e+01 1.021138876490707759e+01
-1.008000000000000007e+01 1.025159574569529042e+01
-1.007000000000000028e+01 1.029218304252535177e+01
-1.006000000000000050e+01 1.033315679039058921e+01
-1.005000000000000071e+01 1.037452326665598790e+01
-1.003999999999999915e+01 1.041628889537986780e+01
-1.002999999999999936e+01 1.045846025179619865e+01
-1.001999999999999957e+01 1.050104406696463499e+01
-1.000999999999999979e+01 1.054404723259523635e+01
-1.000000000000000000e+01 1.058747680605553043e+01
-9.990000000000000213e+00 1.063134001556777086e+01
-9.980000000000000426e+00 1.067564426560457314e+01
-9.970000000000000639e+00 1.072039714249152453e+01
-9.960000000000000853e+00 1.076560642022578129e+01
-9.949999999999999289e+00 1.081128006652001261e+01
-9.939999999999999503e+00 1.085742624908144549e+01
-9.929999999999999716e+00 1.090405334213637900e+01
-9.919999999999999929e+00 1.095116993321070353e+01
-9.910000000000000142e+00 1.099878483017765873e+01
-9.900000000000000355e+00 1.104690706858451144e+01
-9.890000000000000568e+00 1.109554591927021328e+01
-9.880000000000000782e+00 1.114471089628678335e+01
-9.869999999999999218e+00 1.119441176513762670e+01
-9.859999999999999432e+00 1.124465855134644698e+01
-9.849999999999999645e+00 1.129546154937134617e+01
-9.839999999999999858e+00 1.134683133187873239e+01
-9.830000000000000071e+00 1.139877875939285268e+01
-9.820000000000000284e+00 1.145131499033697153e+01
-9.810000000000000497e+00 1.150445149148308843e+01
-9.800000000000000711e+00 1.155820004882766483e+01
-9.789999999999999147e+00 1.161257277891147766e+01
-9.779999999999999361e+00 1.166758214060245180e+01
-9.769999999999999574e+00 1.172324094736113764e+01
-9.759999999999999787e+00 1.177956238000886557e+01
-9.750000000000000000e+00 1.183656000001978725e+01
-9.740000000000000213e+00 1.189424776335837208e+01
-9.730000000000000426e+00 1.195264003488489379e+01
-9.720000000000000639e+00 1.201175160335210457e+01
-9.710000000000000853e+00 1.207159769701699759e+01
-9.699999999999999289e+00 1.213219399989244174e+01
-9.689999999999999503e+00 1.219355666866401577e+01
-9.679999999999999716e+00 1.225570235029837463e+01
-9.669999999999999929e+00 1.231864820036987851e+01
-9.660000000000000142e+00 1.238241190213321019e+01
-9.650000000000000355e+00 1.244701168637021738e+01
-9.640000000000000568e+00 1.251246635203998636e+01
-9.630000000000000782e+00 1.257879528776163625e+01
-9.619999999999999218e+00 1.264601849416015078e+01
-9.609999999999999432e+00 1.271415660710574613e+01
-9.599999999999999645e+00 1.278323092187829957e+01
-9.589999999999999858e+00 1.285326341828808161e+01
-9.580000000000000071e+00 1.292427678678514447e+01
-9.570000000000000284e+00 1.299629445558939977e+01
-9.560000000000000497e+00 1.306934061887400844e+01
-9.550000000000000711e+00 1.314344026603454374e+01
-9.539999999999999147e+00 1.321861921207658597e+01
-9.529999999999999361e+00 1.329490412915406061e+01
-9.519999999999999574e+00 1.337232257929068524e+01
-9.509999999999999787e+00 1.345090304831607142e+01
-9.500000000000000000e+00 1.353067498104793032e+01
-9.490000000000000213e+00 1.361166881775079673e+01
-9.480000000000000426e+00 1.369391603190102913e+01
-9.470000000000000639e+00 1.377744916928660146e+01
-9.460000000000000853e+00 1.386230188846911027e+01
-9.449999999999999289e+00 1.394850900263382876e+01
-9.439999999999999503e+00 1.403610652285185267e+01
-9.429999999999999716e+00 1.412513170277678221e+01
-9.419999999999999929e+00 1.421562308479541947e+01
-9.410000000000000142e+00 1.430762054765016345e+01
-9.400000000000000355e+00 1.440116535554725985e+01
-9.390000000000000568e+00 1.449630020876219660e+01
-9.380000000000000782e+00 1.459306929574956513e+01
-9.369999999999999218e+00 1.469151834676089941e+01
-9.359999999999999432e+00 1.479169468896925999e+01
-9.349999999999999645e+00 1.489364730309485907e+01
-9.339999999999999858e+00 1.499742688152001513e+01
-9.330000000000000071e+00 1.510308588787672690e+01
-9.320000000000000284e+00 1.521067861808339572e+01
-9.310000000000000497e+00 1.532026126280103107e+01
-9.300000000000000711e+00 1.543189197127199819e+01
-9.289999999999999147e+00 1.554563091649707651e+01
-9.279999999999999361e+00 1.566154036169848496e+01
-9.269999999999999574e+00 1.577968472800849398e+01
-9.259999999999999787e+00 1.590013066331362701e+01
-9.250000000000000000e+00 1.602294711217552248e+01
-9.240000000000000213e+00 1.614820538673900074e+01
-9.230000000000000426e+00 1.627597923852724193e+01
-9.220000000000000639e+00 1.640634493101247671e+01
-9.210000000000000853e+00 1.653938131283874924e+01
-9.199999999999999289e+00 1.667516989156058926e+01
-9.189999999999999503e+00 1.681379490774838104e+01
-9.179999999999999716e+00 1.695534340929810568e+01
-9.169999999999999929e+00 1.709990532576827604e+01
-9.160000000000000142e+00 1.724757354255329389e+01
-9.150000000000000355e+00 1.739844397468703718e+01
-9.140000000000000568e+00 1.755261564005489205e+01
-9.130000000000000782e+00 1.771019073177630077e+01
-9.119999999999999218e+00 1.787127468950255249e+01
-9.109999999999999432e+00 1.803597626935616205e+01
-9.099999999999999645e+00 1.820440761221967563e+01
-9.089999999999999858e+00 1.837668431005991820e+01
-9.080000000000000071e+00 1.855292546995347891e+01
-9.070000000000000284e+00 1.873325377545600645e+01
-9.060000000000000497e+00 1.891779554493467685e+01
-9.050000000000000711e+00 1.910668078645979762e+01
-9.039999999999999147e+00 1.930004324882763100e+01
-9.029999999999999361e+00 1.949802046826351187e+01
-9.019999999999999574e+00 1.970075381033287698e+01
-9.009999999999999787e+00 1.990838850656684755e+01
-9.000000000000000000e+00 2.012107368529225582e+01
-8.990000000000000213e+00 2.033896239614069046e+01
-8.980000000000000426e+00 2.056221162769988808e+01
-8.970000000000000639e+00 2.079098231776254124e+01
-8.960000000000000853e+00 2.102543935562274058e+01
-8.949999999999999289e+00 2.126575157586761122e+01
-8.939999999999999503e+00 2.151209174311080830e+01
-8.929999999999999716e+00 2.176463652711503727e+01
-8.919999999999999929e+00 2.202356646774819637e+01
-8.910000000000000142e+00 2.228906592921695662e+01
-8.900000000000000355e+00 2.256132304301502600e+01
-8.890000000000000568e+00 2.284052963901619293e+01
-8.880000000000000782e+00 2.312688116413135475e+01
-8.869999999999999218e+00 2.342057658793677177e+01
-8.859999999999999432e+00 2.372181829466831715e+01
-8.849999999999999645e+00 2.403081196096671590e+01
-8.839999999999999858e+00 2.434776641875041037e+01
-8.830000000000000071e+00 2.467289350259308378e+01
-8.820000000000000284e+00 2.500640788098757028e+01
-8.810000000000000497e+00 2.534852687089172463e+01
-8.800000000000000711e+00 2.569947023497275040e+01
-8.789999999999999147e+00 2.605945996099435646e+01
-8.779999999999999361e+00 2.642872002282371824e+01
-8.769999999999999574e+00 2.680747612257266965e+01
-8.759999999999999787e+00 2.719595541342400580e+01
-8.750000000000000000e+00 2.759438620273446574e+01
-8.740000000000000213e+00 2.800299763504470718e+01
-8.730000000000000426e+00 2.842201935466781038e+01
-8.720000000000000639e+00 2.885168114757265201e+01
-8.710000000000000853e+00 2.929221256232900572e+01
-8.699999999999999289e+00 2.974384250994125267e+01
-8.689999999999999503e+00 3.020679884246794700e+01
-8.679999999999999716e+00 3.068130791041140881e+01
-8.669999999999999929e+00 3.116759409895700017e+01
-8.660000000000000142e+00 3.166587934325739795e+01
-8.650000000000000355e+00 3.217638262307987418e+01
-8.640000000000000568e+00 3.269931943726923151e+01
-8.630000000000000782e+00 3.323490125861997058e+01
-8.619999999999999218e+00 3.378333496989456819e+01
-8.609999999999999432e+00 3.434482228186646324e+01
-8.599999999999999645e+00 3.491955913440239101e+01
-8.589999999999999858e+00 3.550773508171546666e+01
-8.580000000000000071e+00 3.610953266301905273e+01
-8.570000000000000284e+00 3.672512675987299957e+01
-8.560000000000000497e+00 3.735468394153545546e+01
-8.550000000000000711e+00 3.799836179960934146e+01
-8.539999999999999147e+00 3.865630827320498497e+01
-8.529999999999999361e+00 3.932866096573820869e+01
-8.519999999999999574e+00 4.001554645437025215e+01
-8.509999999999999787e+00 4.071707959298878166e+01
-8.500000000000000000e+00 4.143336280956967244e+01
-8.490000000000000213e+00 4.216448539876033408e+01
-8.480000000000000426e+00 4.291052281061163853e+01
-8.470000000000000639e+00 4.367153593655777399e+01
-8.460000000000000853e+00 4.444757039399196685e+01
-8.449999999999999289e+00 4.523865581108677247e+01
-8.439999999999999503e+00 4.604480511382992347e+01
-8.429999999999999716e+00 4.686601381756321416e+01
-8.419999999999999929e+00 4.770225932558530246e+01
-8.410000000000000142e+00 4.855350023761279488e+01
-8.400000000000000355e+00 4.941967567106552650e+01
-8.390000000000000568e+00 5.030070459827580009e+01
-8.380000000000000782e+00 5.119648520282811432e+01
-8.369999999999999218e+00 5.210689425834326016e+01
-8.359999999999999432e+00 5.303178653315042368e+01
-8.349999999999999645e+00 5.397099422446885342e+01
-8.339999999999999858e+00 5.492432642594735626e+01
-8.330000000000000071e+00 5.589156863270318354e+01
-8.320000000000000284e+00 5.687248228832847019e+01
-8.310000000000000497e+00 5.786680437866815652e+01
-8.300000000000000711e+00 5.887424707745961427e+01
-8.289999999999999147e+00 5.989449744909014584e+01
-8.279999999999999361e+00 6.092721721368906884e+01
-8.269999999999999574e+00 6.197204257945297456e+01
-8.259999999999999787e+00 6.302858414642962259e+01
-8.250000000000000000e+00 6.409642688495524965e+01
-8.240000000000000213e+00 6.517513019056474377e+01
-8.230000000000000426e+00 6.626422801558332765e+01
-8.220000000000000639e+00 6.736322907592131060e+01
-8.210000000000000853e+00 6.847161713003436034e+01
-8.199999999999999289e+00 6.958885132580353172e+01
-8.189999999999999503e+00 7.071436661041721550e+01
-8.179999999999999716e+00 7.184757419832808978e+01
-8.169999999999999929e+00 7.298786209300874361e+01
-8.160000000000000142e+00 7.413459565947049157e+01
-8.150000000000000355e+00 7.528711824612135217e+01
-8.140000000000000568e+00 7.644475185628834879e+01
-8.130000000000000782e+00 7.760679787135055108e+01
-8.119999999999999218e+00 7.877253782870641885e+01
-8.109999999999999432e+00 7.994123425858605003e+01
-8.099999999999999645e+00 8.111213158396570577e+01
-8.089999999999999858e+00 8.228445708754756538e+01
-8.080000000000000071e+00 8.345742194903465361e+01
-8.070000000000000284e+00 8.463022235482740996e+01
-8.060000000000000497e+00 8.580204068092858449e+01
-8.050000000000000711e+00 8.697204674836520155e+01
-8.039999999999999147e+00 8.813939914893738603e+01
-8.029999999999999361e+00 8.930324663770298343e+01
-8.019999999999999574e+00 9.046272958743749371e+01
-8.009999999999999787e+00 9.161698149948500713e+01
-8.000000000000000000e+00 9.276513056507849342e+01
-7.990000000000000213e+00 9.390630127140036620e+01
-7.980000000000000426e+00 9.503961604740187852e+01
-7.969999999999999751e+00 9.616419694560154596e+01
-7.959999999999999964e+00 9.727916735753500177e+01
-7.950000000000000178e+00 9.838365376194145995e+01
-7.940000000000000391e+00 9.947678750575738604e+01
-7.929999999999999716e+00 1.005577066181860175e+02
-7.919999999999999929e+00 1.016255576572002894e+02
-7.910000000000000142e+00 1.026794975856833787e+02
-7.900000000000000355e+00 1.037186956710951051e+02
-7.889999999999999680e+00 1.047423353984501091e+02
-7.879999999999999893e+00 1.057496163821048754e+02
-7.870000000000000107e+00 1.067397562581778772e+02
-7.860000000000000320e+00 1.077119925371669069e+02
-7.849999999999999645e+00 1.086655843961717380e+02
-7.839999999999999858e+00 1.095998143924189208e+02
-7.830000000000000071e+00 1.105139900844578733e+02
-7.820000000000000284e+00 1.114074455538826385e+02
-7.809999999999999609e+00 1.122795428277774619e+02
-7.799999999999999822e+00 1.131296732090481640e+02
-7.790000000000000036e+00 1.139572585271723000e+02
-7.780000000000000249e+00 1.147617523247008648e+02
-7.769999999999999574e+00 1.155426409946231558e+02
-7.759999999999999787e+00 1.162994448806100678e+02
-7.750000000000000000e+00 1.170317193469570185e+02
-7.740000000000000213e+00 1.177390558189318597e+02
-7.730000000000000426e+00 1.184210827885351023e+02
-7.719999999999999751e+00 1.190774667765020070e+02
-7.709999999999999964e+00 1.197079132393799057e+02
-7.700000000000000178e+00 1.203121674107455874e+02
-7.690000000000000391e+00 1.208900150675715821e+02
-7.679999999999999716e+00 1.214412832155593662e+02
-7.669999999999999929e+00 1.219658406899754084e+02
-7.660000000000000142e+00 1.224635986704203958e+02
-7.650000000000000355e+00 1.229345111086351494e+02
-7.639999999999999680e+00 1.233785750679311235e+02
-7.629999999999999893e+00 1.237958309714697407e+02
-7.620000000000000107e+00 1.241863627549380737e+02
-7.610000000000000320e+00 1.245502979177086047e+02
-7.599999999999999645e+00 1.248878074657575752e+02
-7.589999999999999858e+00 1.251991057396663365e+02
-7.580000000000000071e+00 1.254844501219697435e+02
-7.570000000000000284e+00 1.257441406197903575e+02
-7.559999999999999609e+00 1.259785193208712144e+02
-7.549999999999999822e+00 1.261879697235371509e+02
-7.540000000000000036e+00 1.263729159435966665e+02
-7.530000000000000249e+00 1.265338218036600324e+02
-7.519999999999999574e+00 1.266711898128003639e+02
-7.509999999999999787e+00 1.267855600469176522e+02
-7.500000000000000000e+00 1.268775089424909055e+02
-7.490000000000000213e+00 1.269476480183287919e+02
-7.480000000000000426e+00 1.269966225410096996e+02
-7.469999999999999751e+00 1.270251101494046395e+02
-7.459999999999999964e+00 1.270338194515986885e+02
-7.450000000000000178e+00 1.270234886036013080e+02
-7.440000000000000391e+00 1.269948838738599051e+02
-7.429999999999999716e+00 1.269487981916630304e+02
-7.419999999999999929e+00 1.268860496722620184e+02
-7.410000000000000142e+00 1.268074801082342731e+02
-7.400000000000000355e+00 1.267139534162595993e+02
-7.389999999999999680e+00 1.266063540314886779e+02
-7.379999999999999893e+00 1.264855852476826215e+02
-7.370000000000000107e+00 1.263525675091379412e+02
-7.360000000000000320e+00 1.262082366683329440e+02
-7.349999999999999645e+00 1.260535422292801400e+02
-7.339999999999999858e+00 1.258894455990800338e+02
-7.330000000000000071e+00 1.257169183682642739e+02
-7.320000000000000284e+00 1.255369406344149752e+02
-7.309999999999999609e+00 1.253504993745986127e+02
-7.299999999999999822e+00 1.251585868624928821e+02
-7.290000000000000036e+00 1.249621991180136433e+02
-7.280000000000000249e+00 1.247623343725748128e+02
-7.269999999999999574e+00 1.245599915326265403e+02
-7.259999999999999787e+00 1.243561686274585156e+02
-7.250000000000000000e+00 1.241518612331393712e+02
-7.240000000000000213e+00 1.239480608712125616e+02
-7.230000000000000426e+00 1.237457533868578139e+02
-7.219999999999999751e+00 1.235459173157039459e+02
-7.209999999999999964e+00 1.233495222510825329e+02
-7.200000000000000178e+00 1.231575272245313499e+02
-7.190000000000000391e+00 1.229708791123468217e+02
-7.179999999999999716e+00 1.227905110804631192e+02
-7.169999999999999929e+00 1.226173410792125651e+02
-7.160000000000000142e+00 1.224522703986683183e+02
-7.150000000000000355e+00 1.222961822942096575e+02
-7.139999999999999680e+00 1.221499406905651028e+02
-7.129999999999999893e+00 1.220143889708418783e+02
-7.120000000000000107e+00 1.218903488549761107e+02
-7.110000000000000320e+00 1.217786193697613868e+02
-7.099999999999999645e+00 1.216799759102695191e+02
-7.089999999999999858e+00 1.215951693902098469e+02
-7.080000000000000071e+00 1.215249254766859082e+02
-7.070000000000000284e+00 1.214699439029882058e+02
-7.059999999999999609e+00 1.214308978515576314e+02
-7.049999999999999822e+00 1.214084333981059274e+02
-7.040000000000000036e+00 1.214031690071260812e+02
-7.030000000000000249e+00 1.214156950687448386e+02
-7.019999999999999574e+00 1.214465734671899071e+02
-7.009999999999999787e+00 1.214963371722144387e+02
-7.000000000000000000e+00 1.215654898467621905e+02
-6.990000000000000213e+00 1.216545054669153245e+02
-6.980000000000000426e+00 1.217638279534828740e+02
-6.969999999999999751e+00 1.218938708179268673e+02
-6.959999999999999964e+00 1.220450168280176655e+02
-6.950000000000000178e+00 1.222176177000037285e+02
-6.940000000000000391e+00 1.224119938237572143e+02
-6.929999999999999716e+00 1.226284340252936857e+02
-6.919999999999999929e+00 1.228671953676734034e+02
-6.910000000000000142e+00 1.231285029873666872e+02
-6.900000000000000355e+00 1.234125499596833322e+02
-6.889999999999999680e+00 1.237194971847821421e+02
-6.879999999999999893e+00 1.240494732857931410e+02
-6.870000000000000107e+00 1.244025745129918192e+02
-6.860000000000000320e+00 1.247788646525280001e+02
-6.849999999999999645e+00 1.251783749441985520e+02
-6.839999999999999858e+00 1.256011040189921317e+02
-6.830000000000000071e+00 1.260470178722836891e+02
-6.820000000000000284e+00 1.265160498913119653e+02
-6.809999999999999609e+00 1.270081009550278850e+02
-6.799999999999999822e+00 1.275230396202140923e+02
-6.790000000000000036e+00 1.280607024003332981e+02
-6.780000000000000249e+00 1.286208941339008049e+02
-6.769999999999999574e+00 1.292033884288683225e+02
-6.759999999999999787e+00 1.298079281603685899e+02
-6.750000000000000000e+00 1.304342259930040484e+02
-6.740000000000000213e+00 1.310819648970764604e+02
-6.730000000000000426e+00 1.317507986314699906e+02
-6.719999999999999751e+00 1.324403521740763381e+02
-6.709999999999999964e+00 1.331502220924508322e+02
-6.700000000000000178e+00 1.338799768607665044e+02
-6.690000000000000391e+00 1.346291571417131649e+02
-6.679999999999999716e+00 1.353972760616917981e+02
-6.669999999999999929e+00 1.361838195132051226e+02
-6.660000000000000142e+00 1.369882465195364034e+02
-6.650000000000000355e+00 1.378099896943143676e+02
-6.639999999999999680e+00 1.386484558234985229e+02
-6.629999999999999893e+00 1.395030265906783598e+02
-6.620000000000000107e+00 1.403730594589563339e+02
-6.610000000000000320e+00 1.412578887142439044e+02
-6.599999999999999645e+00 1.421568266655859247e+02
-6.589999999999999858e+00 1.430691649883438856e+02
-6.580000000000000071e+00 1.439941761862619103e+02
-6.570000000000000284e+00 1.449311151394384751e+02
-6.559999999999999609e+00 1.458792206980334925e+02
-6.549999999999999822e+00 1.468377172771166386e+02
-6.540000000000000036e+00 1.478058164072765805e+02
-6.530000000000000249e+00 1.487827181990669487e+02
-6.519999999999999574e+00 1.497676126872688656e+02
-6.509999999999999787e+00 1.507596810328932975e+02
-6.500000000000000000e+00 1.517580965757304625e+02
-6.490000000000000213e+00 1.527620257463005373e+02
-6.480000000000000426e+00 1.537706288611154264e+02
-6.469999999999999751e+00 1.547830608369748120e+02
-6.459999999999999964e+00 1.557984718667695176e+02
-6.450000000000000178e+00 1.568160080999203956e+02
-6.440000000000000391e+00 1.578348123652422146e+02
-6.429999999999999716e+00 1.588540249639700335e+02
-6.419999999999999929e+00 1.598727845479862992e+02
-6.410000000000000142e+00 1.608902290851528960e+02
-6.400000000000000355e+00 1.619054969017102223e+02
-6.389999999999999680e+00 1.629177277817122160e+02
-6.379999999999999893e+00 1.639260640955803581e+02
-6.370000000000000107e+00 1.649296519243681303e+02
-6.360000000000000320e+00 1.659276421442558558e+02
-6.349999999999999645e+00 1.669191914389577391e+02
-6.339999999999999858e+00 1.679034632179971425e+02
-6.330000000000000071e+00 1.688796284370278613e+02
-6.320000000000000284e+00 1.698468663413488571e+02
-6.309999999999999609e+00 1.708043651819699562e+02
-6.299999999999999822e+00 1.717513229796566634e+02
-6.290000000000000036e+00 1.726869484302416708e+02
-6.280000000000000249e+00 1.736104620486328258e+02
-6.269999999999999574e+00 1.745210976357437289e+02
-6.259999999999999787e+00 1.754181041212195566e+02
-6.250000000000000000e+00 1.763007477880473743e+02
-6.240000000000000213e+00 1.771683148292694341e+02
-6.230000000000000426e+00 1.780201141313716846e+02
-6.219999999999999751e+00 1.788554801340338258e+02
-6.209999999999999964e+00 1.796737755911084946e+02
-6.200000000000000178e+00 1.804743940584368431e+02
-6.190000000000000391e+00 1.812567619603682090e+02
-6.179999999999999716e+00 1.820203401329139581e+02
-6.169999999999999929e+00 1.827646247973708853e+02
-6.160000000000000142e+00 1.834891479725530985e+02
-6.150000000000000355e+00 1.841934773767050615e+02
-6.139999999999999680e+00 1.848772158963818697e+02
-6.129999999999999893e+00 1.855400007094806369e+02
-6.120000000000000107e+00 1.861815021486325747e+02
-6.110000000000000320e+00 1.868014223871743411e+02
-6.099999999999999645e+00 1.873994940294741696e+02
-6.089999999999999858e+00 1.879754786927227315e+02
-6.080000000000000071e+00 1.885291656753568645e+02
-6.070000000000000284e+00 1.890603708115082497e+02
-6.059999999999999609e+00 1.895689356049237233e+02
-6.049999999999999822e+00 1.900547267172131569e+02
-6.040000000000000036e+00 1.905176358570025457e+02
-6.030000000000000249e+00 1.909575800853721148e+02
-6.019999999999999574e+00 1.913745025254769700e+02
-6.009999999999999787e+00 1.917683734430812024e+02
-6.000000000000000000e+00 1.921391916470185492e+02
-5.990000000000000213e+00 1.924869861381687031e+02
-5.980000000000000426e+00 1.928118179075453611e+02
-5.969999999999999751e+00 1.931137817492107160e+02
-5.959999999999999964e+00 1.933930079195606595e+02
-5.950000000000000178e+00 1.936496634532466032e+02
-5.940000000000000391e+00 1.938839529496318619e+02
-5.929999999999999716e+00 1.940961186792417834e+02
-5.919999999999999929e+00 1.942864399261561061e+02
-5.910000000000000142e+00 1.944552315701020291e+02
-5.900000000000000355e+00 1.946028420046936276e+02
-5.889999999999999680e+00 1.947296505662353070e+02
-5.879999999999999893e+00 1.948360646931256213e+02
-5.870000000000000107e+00 1.949225170391746360e+02
-5.860000000000000320e+00 1.949894627268757290e+02
-5.849999999999999645e+00 1.950373768630574318e+02
-5.839999999999999858e+00 1.950667523716865333e+02
-5.830000000000000071e+00 1.950780981490650561e+02
-5.820000000000000284e+00 1.950719375283415218e+02
-5.809999999999999609e+00 1.950488070515743004e+02
-5.799999999999999822e+00 1.950092555730738297e+02
-5.790000000000000036e+00 1.949538437350993831e+02
-5.780000000000000249e+00 1.948831438472538480e+02
-5.769999999999999574e+00 1.947977401574966052e+02
-5.759999999999999787e+00 1.946982294347866400e+02
-5.750000000000000000e+00 1.945852217126010828e+02
-5.740000000000000213e+00 1.944593409940848119e+02
-5.730000000000000426e+00 1.943212257116139767e+02
-5.719999999999999751e+00 1.941715287703292745e+02
-5.709999999999999964e+00 1.940109170762590622e+02
-5.700000000000000178e+00 1.938400705355114724e+02
-5.690000000000000391e+00 1.936596805918073017e+02
-5.679999999999999716e+00 1.934704484320594133e+02
-5.669999999999999929e+00 1.932730830291414748e+02
-5.660000000000000142e+00 1.930682992083318368e+02
-5.650000000000000355e+00 1.928568159204176027e+02
-5.639999999999999680e+00 1.926393548782744176e+02
-5.629999999999999893e+00 1.924166396614255348e+02
-5.620000000000000107e+00 1.921893953149932486e+02
-5.610000000000000320e+00 1.919583483756060218e+02
-5.599999999999999645e+00 1.917242271679681096e+02
-5.589999999999999858e+00 1.914877621574801765e+02
-5.580000000000000071e+00 1.912496861363369192e+02
-5.570000000000000284e+00 1.910107340678504215e+02
-5.559999999999999609e+00 1.907716425036858254e+02
-5.549999999999999822e+00 1.905331485958132873e+02
-5.540000000000000036e+00 1.902959888202125569e+02
-5.530000000000000249e+00 1.900608975891699401e+02
-5.519999999999999574e+00 1.898286059415643479e+02
-5.509999999999999787e+00 1.895998404681283489e+02
-5.500000000000000000e+00 1.893753225659315262e+02
-5.490000000000000213e+00 1.891557680448771066e+02
-5.480000000000000426e+00 1.889418870496477894e+02
-5.469999999999999751e+00 1.887343842260502242e+02
-5.459999999999999964e+00 1.885339590522023059e+02
-5.450000000000000178e+00 1.883413062636099369e+02
-5.440000000000000391e+00 1.881571163142848491e+02
-5.429999999999999716e+00 1.879820758247678327e+02
-5.419999999999999929e+00 1.878168679718340286e+02
-5.410000000000000142e+00 1.876621727809439335e+02
-5.400000000000000355e+00 1.875186672998104314e+02
-5.389999999999999680e+00 1.873870256623304158e+02
-5.379999999999999893e+00 1.872679190894326950e+02
-5.370000000000000107e+00 1.871620159033294613e+02
-5.360000000000000320e+00 1.870699816415861960e+02
-5.349999999999999645e+00 1.869924793424939935e+02
-5.339999999999999858e+00 1.869301700376389874e+02
-5.330000000000000071e+00 1.868837134403964910e+02
-5.320000000000000284e+00 1.868537687693942644e+02
-5.309999999999999609e+00 1.868409956013501301e+02
-5.299999999999999822e+00 1.868460546164698712e+02
-5.290000000000000036e+00 1.868696080930793642e+02
-5.280000000000000249e+00 1.869123200379366381e+02
-5.269999999999999574e+00 1.869748559090048161e+02
-5.259999999999999787e+00 1.870578819878102479e+02
-5.250000000000000000e+00 1.871620645625997668e+02
-5.240000000000000213e+00 1.872880691576777963e+02
-5.230000000000000426e+00 1.874365600611699847e+02
-5.219999999999999751e+00 1.876082003539975744e+02
-5.209999999999999964e+00 1.878036525410903437e+02
-5.200000000000000178e+00 1.880235797643672981e+02
-5.190000000000000391e+00 1.882686474745136422e+02
-5.179999999999999716e+00 1.885395253844124568e+02
-5.169999999999999929e+00 1.888368895290006719e+02
-5.160000000000000142e+00 1.891614242983036434e+02
-5.150000000000000355e+00 1.895138243627037014e+02
-5.139999999999999680e+00 1.898947964460364801e+02
-5.129999999999999893e+00 1.903050609153694381e+02
-5.120000000000000107e+00 1.907453531605092394e+02
-5.110000000000000320e+00 1.912164247561994443e+02
-5.099999999999999645e+00 1.917190444521216364e+02
-5.089999999999999858e+00 1.922539991133756700e+02
-5.080000000000000071e+00 1.928220948058780380e+02
-5.070000000000000284e+00 1.934241582463344002e+02
-5.059999999999999609e+00 1.940610387882958889e+02
-5.049999999999999822e+00 1.947336109992932620e+02
-5.040000000000000036e+00 1.954427777361975984e+02
-5.030000000000000249e+00 1.961894734964853910e+02
-5.019999999999999574e+00 1.969746677478349000e+02
-5.009999999999999787e+00 1.977993679239055496e+02
-5.000000000000000000e+00 1.986646218030547288e+02
-4.990000000000000213e+00 1.995715190387047357e+02
-4.980000000000000426e+00 2.005211916798982088e+02
-4.969999999999999751e+00 2.015148136210941914e+02
-4.959999999999999964e+00 2.025535990674127333e+02
-4.950000000000000178e+00 2.036388002913192565e+02
-4.940000000000000391e+00 2.047717051493806935e+02
-4.929999999999999716e+00 2.059536349534199928e+02
-4.919999999999999929e+00 2.071859432782332817e+02
-4.910000000000000142e+00 2.084700161046933999e+02
-4.900000000000000355e+00 2.098072733732543895e+02
-4.889999999999999680e+00 2.111991716529618657e+02
-4.879999999999999893e+00 2.126472073437783195e+02
-4.870000000000000107e+00 2.141529197386316525e+02
-4.860000000000000320e+00 2.157178934199086200e+02
-4.849999999999999645e+00 2.173437597961031713e+02
-4.839999999999999858e+00 2.190321979572684654e+02
-4.830000000000000071e+00 2.207849352858259238e+02
-4.820000000000000284e+00 2.226037483085005420e+02
-4.809999999999999609e+00 2.244904641238725844e+02
-4.799999999999999822e+00 2.264469624730446355e+02
-4.790000000000000036e+00 2.284751782405400888e+02
-4.780000000000000249e+00 2.305771039555665425e+02
-4.769999999999999574e+00 2.327547917564263571e+02
-4.759999999999999787e+00 2.350103543117086815e+02
-4.750000000000000000e+00 2.373459643730864173e+02
-4.740000000000000213e+00 2.397638529432879295e+02
-4.730000000000000426e+00 2.422663064020842114e+02
-4.719999999999999751e+00 2.448556632177181029e+02
-4.709999999999999964e+00 2.475343109536139536e+02
-4.700000000000000178e+00 2.503046841015479629e+02
-4.690000000000000391e+00 2.531692628940393774e+02
-4.679999999999999716e+00 2.561305728375556328e+02
-4.669999999999999929e+00 2.591911844501847781e+02
-4.660000000000000142e+00 2.623537126821247512e+02
-4.650000000000000355e+00 2.656208157076567318e+02
-4.639999999999999680e+00 2.689951930692563451e+02
-4.629999999999999893e+00 2.724795833891761845e+02
-4.620000000000000107e+00 2.760767619703114519e+02
-4.610000000000000320e+00 2.797895385922892046e+02
-4.599999999999999645e+00 2.836207557112138602e+02
-4.589999999999999858e+00 2.875732871244827038e+02
-4.580000000000000071e+00 2.916500369815124714e+02
-4.570000000000000284e+00 2.958539388289543695e+02
-4.559999999999999609e+00 3.001879542212732304e+02
-4.549999999999999822e+00 3.046550703642047893e+02
-4.540000000000000036e+00 3.092582963302172061e+02
-4.530000000000000249e+00 3.140006575872247936e+02
-4.519999999999999574e+00 3.188851888686883171e+02
-4.509999999999999787e+00 3.239149257222445044e+02
-4.500000000000000000e+00 3.290928953416325271e+02
-4.490000000000000213e+00 3.344221074459141505e+02
-4.480000000000000426e+00 3.399055459575417899e+02
-4.469999999999999751e+00 3.455461620264591716e+02
-4.459999999999999964e+00 3.513468686144925641e+02
-4.450000000000000178e+00 3.573105365209071351e+02
-4.440000000000000391e+00 3.634399915050460095e+02
-4.429999999999999716e+00 3.697380120570639974e+02
-4.419999999999999929e+00 3.762073273007794683e+02
-4.410000000000000142e+00 3.828506143912611606e+02
-4.400000000000000355e+00 3.896704945757257974e+02
-4.389999999999999680e+00 3.966695268911025778e+02
-4.379999999999999893e+00 4.038501983928794630e+02
-4.370000000000000107e+00 4.112149099749910306e+02
-4.360000000000000320e+00 4.187659573747772015e+02
-4.349999999999999645e+00 4.265055079307206256e+02
-4.339999999999999858e+00 4.344355749494612837e+02
-4.330000000000000071e+00 4.425579927083886673e+02
-4.320000000000000284e+00 4.508743955435830344e+02
-4.309999999999999609e+00 4.593862037299020926e+02
-4.299999999999999822e+00 4.680946171445593791e+02
-4.290000000000000036e+00 4.770006158380007264e+02
-4.280000000000000249e+00 4.861049655621632724e+02
-4.269999999999999574e+00 4.954082264265475715e+02
-4.259999999999999787e+00 5.049107637105100252e+02
-4.250000000000000000e+00 5.146127604695385571e+02
-4.240000000000000213e+00 5.245142311743642267e+02
-4.230000000000000426e+00 5.346150343169159669e+02
-4.219999999999999751e+00 5.449148806636155769e+02
-4.209999999999999964e+00 5.554133337246717019e+02
-4.200000000000000178e+00 5.661098003600915263e+02
-4.190000000000000391e+00 5.770035115233282568e+02
-4.179999999999999716e+00 5.880934947868921654e+02
-4.169999999999999929e+00 5.993785408843680216e+02
-4.160000000000000142e+00 6.108571663677719243e+02
-4.150000000000000355e+00 6.225275743822251115e+02
-4.139999999999999680e+00 6.343876159134712225e+02
-4.129999999999999893e+00 6.464347544595549380e+02
-4.120000000000000107e+00 6.586660374237502538e+02
-4.110000000000000320e+00 6.710780772342226328e+02
-4.099999999999999645e+00 6.836670441012937545e+02
-4.089999999999999858e+00 6.964286705329651568e+02
-4.080000000000000071e+00 7.093582657571896561e+02
-4.070000000000000284e+00 7.224507368562367446e+02
-4.059999999999999609e+00 7.357006132479154985e+02
-4.049999999999999822e+00 7.491020719053741459e+02
-4.040000000000000036e+00 7.626489615641876298e+02
-4.030000000000000249e+00 7.763348244757903558e+02
-4.019999999999999574e+00 7.901529140033792373e+02
-4.009999999999999787e+00 8.040962058641405292e+02
-4.000000000000000000e+00 8.181574004840794032e+02
-3.990000000000000213e+00 8.323289142390592588e+02
-3.979999999999999982e+00 8.466028589234124411e+02
-3.970000000000000195e+00 8.609710118305439437e+02
-3.959999999999999964e+00 8.754247825595773520e+02
-3.950000000000000178e+00 8.899551854070966783e+02
-3.939999999999999947e+00 9.045528262751754482e+02
-3.930000000000000160e+00 9.192079097138066572e+02
-3.919999999999999929e+00 9.339102658892550153e+02
-3.910000000000000142e+00 9.486493912139424083e+02
-3.899999999999999911e+00 9.634144926169723249e+02
-3.890000000000000124e+00 9.781945252297668958e+02
-3.879999999999999893e+00 9.929782160305137495e+02
-3.870000000000000107e+00 1.007754070162645576e+03
-3.859999999999999876e+00 1.022510360853171960e+03
-3.850000000000000089e+00 1.037235107438143814e+03
-3.839999999999999858e+00 1.051916048762188666e+03
-3.830000000000000071e+00 1.066540621082762755e+03
-3.819999999999999840e+00 1.081095950404871473e+03
-3.810000000000000053e+00 1.095568868494412754e+03
-3.799999999999999822e+00 1.109945958974263931e+03
-3.790000000000000036e+00 1.124213634100586660e+03
-3.779999999999999805e+00 1.138358233814498135e+03
-3.770000000000000018e+00 1.152366127937428246e+03
-3.759999999999999787e+00 1.166223794092866910e+03
-3.750000000000000000e+00 1.179917844346788570e+03
-3.740000000000000213e+00 1.193434987421048163e+03
-3.729999999999999982e+00 1.206761938352099378e+03
-3.720000000000000195e+00 1.219885311755416296e+03
-3.709999999999999964e+00 1.232791542913746298e+03
-3.700000000000000178e+00 1.245466866079469128e+03
-3.689999999999999947e+00 1.257897351200090498e+03
-3.680000000000000160e+00 1.270068977337609567e+03
-3.669999999999999929e+00 1.281967715574674912e+03
-3.660000000000000142e+00 1.293579604251124920e+03
-3.649999999999999911e+00 1.304890814870616623e+03
-3.640000000000000124e+00 1.315887719285936782e+03
-3.629999999999999893e+00 1.326556973091155214e+03
-3.620000000000000107e+00 1.336885623808022956e+03
-3.609999999999999876e+00 1.346861236013489133e+03
-3.600000000000000089e+00 1.356472006504495994e+03
-3.589999999999999858e+00 1.365706833851415240e+03
-3.580000000000000071e+00 1.374555317228184549e+03
-3.569999999999999840e+00 1.383007684710587000e+03
-3.560000000000000053e+00 1.391054675126207940e+03
-3.549999999999999822e+00 1.398687406729055965e+03
-3.540000000000000036e+00 1.405897262177863922e+03
-3.529999999999999805e+00 1.412675813559129438e+03
-3.520000000000000018e+00 1.419014807694171623e+03
-3.509999999999999787e+00 1.424906224190399371e+03
-3.500000000000000000e+00 1.430342402379405485e+03
-3.490000000000000213e+00 1.435316214917438856e+03
-3.479999999999999982e+00 1.439821254475657270e+03
-3.470000000000000195e+00 1.443851997627669334e+03
-3.459999999999999964e+00 1.447403914428848566e+03
-3.450000000000000178e+00 1.450473501977549859e+03
-3.439999999999999947e+00 1.453058233086742575e+03
-3.430000000000000160e+00 1.455156423298646814e+03
-3.419999999999999929e+00 1.456767031837963486e+03
-3.410000000000000142e+00 1.457889429193384103e+03
-3.399999999999999911e+00 1.458523181890431943e+03
-3.390000000000000124e+00 1.458667908630584634e+03
-3.379999999999999893e+00 1.458323240754098833e+03
-3.370000000000000107e+00 1.457488883102262889e+03
-3.359999999999999876e+00 1.456164742991853018e+03
-3.350000000000000089e+00 1.454351092260196765e+03
-3.339999999999999858e+00 1.452048742324715249e+03
-3.330000000000000071e+00 1.449259220141656670e+03
-3.319999999999999840e+00 1.445984922090967757e+03
-3.310000000000000053e+00 1.442229211804546367e+03
-3.299999999999999822e+00 1.437996445539483375e+03
-3.290000000000000036e+00 1.433291955830678262e+03
-3.279999999999999805e+00 1.428122060852013192e+03
-3.270000000000000018e+00 1.422494144107191005e+03
-3.259999999999999787e+00 1.416416763689857817e+03
-3.250000000000000000e+00 1.409899667352017332e+03
-3.240000000000000213e+00 1.402953592773200171e+03
-3.229999999999999982e+00 1.395589842441475639e+03
-3.220000000000000195e+00 1.387819766788035395e+03
-3.209999999999999964e+00 1.379654358978912342e+03
-3.200000000000000178e+00 1.371104110242106344e+03
-3.189999999999999947e+00 1.362179146908968733e+03
-3.180000000000000160e+00 1.352889566195492080e+03
-3.169999999999999929e+00 1.343245855372891128e+03
-3.160000000000000142e+00 1.333259290629986708e+03
-3.149999999999999911e+00 1.322942224792081106e+03
-3.140000000000000124e+00 1.312308188087524968e+03
-3.129999999999999893e+00 1.301371770708114127e+03
-3.120000000000000107e+00 1.290148329613215083e+03
-3.109999999999999876e+00 1.278653624294931888e+03
-3.100000000000000089e+00 1.266903496342621338e+03
-3.089999999999999858e+00 1.254913664474976258e+03
-3.080000000000000071e+00 1.242699644358218393e+03
-3.069999999999999840e+00 1.230276759879461451e+03
-3.060000000000000053e+00 1.217660210594800901e+03
-3.049999999999999822e+00 1.204865182362388168e+03
-3.040000000000000036e+00 1.191906983692466156e+03
-3.029999999999999805e+00 1.178801138697005626e+03
-3.020000000000000018e+00 1.165563334345192516e+03
-3.009999999999999787e+00 1.152209188488357768e+03
-3.000000000000000000e+00 1.138753951418930910e+03
-2.990000000000000213e+00 1.125212340890784390e+03
-2.979999999999999982e+00 1.111598629788464905e+03
-2.970000000000000195e+00 1.097926905630767578e+03
-2.959999999999999964e+00 1.084211282315142398e+03
-2.950000000000000178e+00 1.070465905183086761e+03
-2.939999999999999947e+00 1.056704796335844776e+03
-2.930000000000000160e+00 1.042941735878172494e+03
-2.919999999999999929e+00 1.029190315855759764e+03
-2.910000000000000142e+00 1.015464092828471053e+03
-2.899999999999999911e+00 1.001776619822097928e+03
-2.890000000000000124e+00 9.881412175220676772e+02
-2.879999999999999893e+00 9.745705732899050417e+02
-2.870000000000000107e+00 9.610764092554256877e+02
-2.859999999999999876e+00 9.476694064086690332e+02
-2.850000000000000089e+00 9.343593877840806954e+02
-2.839999999999999858e+00 9.211556149455281002e+02
-2.830000000000000071e+00 9.080670237885718734e+02
-2.819999999999999840e+00 8.951022981706784094e+02
-2.810000000000000053e+00 8.822697896538497844e+02
-2.799999999999999822e+00 8.695773770892990342e+02
-2.790000000000000036e+00 8.570323851348560993e+02
-2.779999999999999805e+00 8.446416422772916803e+02
-2.770000000000000018e+00 8.324116739840345645e+02
-2.759999999999999787e+00 8.203489355470208011e+02
-2.750000000000000000e+00 8.084599479194757805e+02
-2.740000000000000213e+00 7.967512382635976564e+02
-2.729999999999999982e+00 7.852290821055040624e+02
-2.720000000000000195e+00 7.738991413942954978e+02
-2.709999999999999964e+00 7.627661418135659233e+02
-2.700000000000000178e+00 7.518337146996807405e+02
-2.689999999999999947e+00 7.411044651664238927e+02
-2.680000000000000160e+00 7.305802475744458206e+02
-2.669999999999999929e+00 7.202625480680912915e+02
-2.660000000000000142e+00 7.101528240358753692e+02
-2.649999999999999911e+00 7.002526769373354227e+02
-2.640000000000000124e+00 6.905638345110785394e+02
-2.629999999999999893e+00 6.810880222064770351e+02
-2.620000000000000107e+00 6.718268306958913172e+02
-2.609999999999999876e+00 6.627816197241801319e+02
-2.600000000000000089e+00 6.539534199020051801e+02
-2.589999999999999858e+00 6.453427965122295973e+02
-2.580000000000000071e+00 6.369497054954804298e+02
-2.569999999999999840e+00 6.287734029304814385e+02
-2.560000000000000053e+00 6.208124304735576970e+02
-2.549999999999999822e+00 6.130646615452162678e+02
-2.540000000000000036e+00 6.055274060611463938e+02
-2.529999999999999805e+00 5.981975769175111282e+02
-2.520000000000000018e+00 5.910718759974215573e+02
-2.509999999999999787e+00 5.841469338784880847e+02
-2.500000000000000000e+00 5.774193803727853265e+02
-2.490000000000000213e+00 5.708858520942558243e+02
-2.479999999999999982e+00 5.645429347830382767e+02
-2.470000000000000195e+00 5.583870818492727039e+02
-2.459999999999999964e+00 5.524146168736970139e+02
-2.450000000000000178e+00 5.466218726228109972e+02
-2.439999999999999947e+00 5.410053629372946489e+02
-2.430000000000000160e+00 5.355618108092751299e+02
-2.419999999999999929e+00 5.302879590850842533e+02
-2.410000000000000142e+00 5.251802707237918639e+02
-2.399999999999999911e+00 5.202347030207703256e+02
-2.390000000000000124e+00 5.154466560713465242e+02
-2.379999999999999893e+00 5.108111030006427882e+02
-2.370000000000000107e+00 5.063229051980619602e+02
-2.359999999999999876e+00 5.019772383075672906e+02
-2.350000000000000089e+00 4.977698587415417251e+02
-2.339999999999999858e+00 4.936969260297573783e+02
-2.330000000000000071e+00 4.897544150542822763e+02
-2.319999999999999840e+00 4.859375021237029273e+02
-2.310000000000000053e+00 4.822403357404938333e+02
-2.299999999999999822e+00 4.786563044462047856e+02
-2.290000000000000036e+00 4.751785962977403983e+02
-2.279999999999999805e+00 4.718007595250258532e+02
-2.270000000000000018e+00 4.685170784341153762e+02
-2.259999999999999787e+00 4.653227166370561463e+02
-2.250000000000000000e+00 4.622136757284976056e+02
-2.240000000000000213e+00 4.591866326672320042e+02
-2.229999999999999982e+00 4.562386721178695552e+02
-2.220000000000000195e+00 4.533669231809159896e+02
-2.209999999999999964e+00 4.505681992584959517e+02
-2.200000000000000178e+00 4.478388341783327746e+02
-2.189999999999999947e+00 4.451748246138896548e+02
-2.180000000000000160e+00 4.425721088715829410e+02
-2.169999999999999929e+00 4.400266684954504512e+02
-2.160000000000000142e+00 4.375344001932477340e+02
-2.149999999999999911e+00 4.350910270895248004e+02
-2.140000000000000124e+00 4.326922126922919460e+02
-2.129999999999999893e+00 4.303337090878310391e+02
-2.120000000000000107e+00 4.280113247515052421e+02
-2.109999999999999876e+00 4.257206968065120236e+02
-2.100000000000000089e+00 4.234570352215080788e+02
-2.089999999999999858e+00 4.212151133131027336e+02
-2.080000000000000071e+00 4.189896633246901274e+02
-2.069999999999999840e+00 4.167760267946777617e+02
-2.060000000000000053e+00 4.145707043267661902e+02
-2.049999999999999822e+00 4.123714880548537280e+02
-2.040000000000000036e+00 4.101770739666745840e+02
-2.029999999999999805e+00 4.079862148537770850e+02
-2.020000000000000018e+00 4.057966796000023351e+02
-2.009999999999999787e+00 4.036047002558174199e+02
-2.000000000000000000e+00 4.014055201991488389e+02
-1.989999999999999991e+00 3.991947214970653590e+02
-1.979999999999999982e+00 3.969692411306150461e+02
-1.969999999999999973e+00 3.947273655163494368e+02
-1.959999999999999964e+00 3.924679848596508123e+02
-1.949999999999999956e+00 3.901896633210687924e+02
-1.939999999999999947e+00 3.878897933221440439e+02
-1.929999999999999938e+00 3.855643012207567040e+02
-1.919999999999999929e+00 3.832084528230749356e+02
-1.909999999999999920e+00 3.808184867180393667e+02
-1.899999999999999911e+00 3.783928820661841996e+02
-1.889999999999999902e+00 3.759321456898383644e+02
-1.879999999999999893e+00 3.734373244056023964e+02
-1.870000000000000107e+00 3.709086410420579227e+02
-1.860000000000000098e+00 3.683452291879279414e+02
-1.850000000000000089e+00 3.657457138656998836e+02
-1.840000000000000080e+00 3.631088641032933992e+02
-1.830000000000000071e+00 3.604336942300079158e+02
-1.820000000000000062e+00 3.577189726889072290e+02
-1.810000000000000053e+00 3.549629279238077970e+02
-1.800000000000000044e+00 3.521638673976194696e+02
-1.790000000000000036e+00 3.493212453587007644e+02
-1.780000000000000027e+00 3.464361220748412507e+02
-1.770000000000000018e+00 3.435107031744212804e+02
-1.760000000000000009e+00 3.405474719555933234e+02
-1.750000000000000000e+00 3.375484548310592459e+02
-1.739999999999999991e+00 3.345148141341879295e+02
-1.729999999999999982e+00 3.314467587028493085e+02
-1.719999999999999973e+00 3.283437527202507340e+02
-1.709999999999999964e+00 3.252050236891211057e+02
-1.699999999999999956e+00 3.220302255491349683e+02
-1.689999999999999947e+00 3.188197625448474923e+02
-1.679999999999999938e+00 3.155742589709321919e+02
-1.669999999999999929e+00 3.122936154766559298e+02
-1.659999999999999920e+00 3.089769318044130273e+02
-1.649999999999999911e+00 3.056236233993616906e+02
-1.639999999999999902e+00 3.022346046916364912e+02
-1.629999999999999893e+00 2.988125549647683670e+02
-1.620000000000000107e+00 2.953612046834689977e+02
-1.610000000000000098e+00 2.918840493821604127e+02
-1.600000000000000089e+00 2.883833882582710544e+02
-1.590000000000000080e+00 2.848604010753172133e+02
-1.580000000000000071e+00 2.813159287593575186e+02
-1.570000000000000062e+00 2.777510888618131730e+02
-1.560000000000000053e+00 2.741672575073424696e+02
-1.550000000000000044e+00 2.705660795678812747e+02
-1.540000000000000036e+00 2.669498713951130071e+02
-1.530000000000000027e+00 2.633213312506268267e+02
-1.520000000000000018e+00 2.596824758987207815e+02
-1.510000000000000009e+00 2.560344789120740074e+02
-1.500000000000000000e+00 2.523786423493985183e+02
-1.489999999999999991e+00 2.487165638190114691e+02
-1.479999999999999982e+00 2.450492012245849196e+02
-1.469999999999999973e+00 2.413770022642012805e+02
-1.459999999999999964e+00 2.377015669130625213e+02
-1.449999999999999956e+00 2.340263510029027429e+02
-1.439999999999999947e+00 2.303551263797682793e+02
-1.429999999999999938e+00 2.266900539906527001e+02
-1.419999999999999929e+00 2.230319186278854318e+02
-1.409999999999999920e+00 2.193821451818213006e+02
-1.399999999999999911e+00 2.157433845852258401e+02
-1.389999999999999902e+00 2.121181750053258952e+02
-1.379999999999999893e+00 2.085087990373962441e+02
-1.370000000000000107e+00 2.049188198918243131e+02
-1.360000000000000098e+00 2.013525565781922637e+02
-1.350000000000000089e+00 1.978117625082894051e+02
-1.340000000000000080e+00 1.942943015535796292e+02
-1.330000000000000071e+00 1.907978238897042615e+02
-1.320000000000000062e+00 1.873237836650374106e+02
-1.310000000000000053e+00 1.838764662242650729e+02
-1.300000000000000044e+00 1.804595633119228353e+02
-1.290000000000000036e+00 1.770743698847963969e+02
-1.280000000000000027e+00 1.737198845899204116e+02
-1.270000000000000018e+00 1.703950803755360539e+02
-1.260000000000000009e+00 1.671007079985467101e+02
-1.250000000000000000e+00 1.638387729137670021e+02
-1.239999999999999991e+00 1.606129935242488216e+02
-1.229999999999999982e+00 1.574286541318053310e+02
-1.219999999999999973e+00 1.542892422329898636e+02
-1.209999999999999964e+00 1.511947828726802356e+02
-1.199999999999999956e+00 1.481438803014668224e+02
-1.189999999999999947e+00 1.451361998947050154e+02
-1.179999999999999938e+00 1.421735594372861726e+02
-1.169999999999999929e+00 1.392594050096879528e+02
-1.159999999999999920e+00 1.363964033463849717e+02
-1.149999999999999911e+00 1.335834301575747816e+02
-1.139999999999999902e+00 1.308167822910990026e+02
-1.129999999999999893e+00 1.280950338287481713e+02
-1.120000000000000107e+00 1.254184483474575842e+02
-1.110000000000000098e+00 1.227857950079705205e+02
-1.100000000000000089e+00 1.201955277732477754e+02
-1.090000000000000080e+00 1.176477149918367502e+02
-1.080000000000000071e+00 1.151449381117732855e+02
-1.070000000000000062e+00 1.126910808833619342e+02
-1.060000000000000053e+00 1.102888238473721430e+02
-1.050000000000000044e+00 1.079370209667017519e+02
-1.040000000000000036e+00 1.056333232594169260e+02
-1.030000000000000027e+00 1.033773217684862544e+02
-1.020000000000000018e+00 1.011686497346450295e+02
-1.010000000000000009e+00 9.900493203626542993e+01
-1.000000000000000000e+00 9.688504555526355944e+01
-9.899999999999999911e-01 9.481168371171614240e+01
-9.799999999999999822e-01 9.278785663096074643e+01
-9.699999999999999734e-01 9.081427977393055073e+01
-9.599999999999999645e-01 8.888900913467146836e+01
-9.499999999999999556e-01 8.700808276218505455e+01
-9.399999999999999467e-01 8.516852014285980488e+01
-9.300000000000000488e-01 8.337052521611893496e+01
-9.200000000000000400e-01 8.161656866264587507e+01
-9.100000000000000311e-01 7.990768322127865986e+01
-9.000000000000000222e-01 7.824345248558273624e+01
-8.900000000000000133e-01 7.662383288118866176e+01
-8.800000000000000044e-01 7.504941314986979251e+01
-8.699999999999999956e-01 7.351941732743516411e+01
-8.599999999999999867e-01 7.203132704623429561e+01
-8.499999999999999778e-01 7.058351309180847011e+01
-8.399999999999999689e-01 6.917287662556931593e+01
-8.299999999999999600e-01 6.779561609288452928e+01
-8.199999999999999512e-01 6.645277815121224307e+01
-8.100000000000000533e-01 6.514973041407002086e+01
-8.000000000000000444e-01 6.388555284225270725e+01
-7.900000000000000355e-01 6.265185172013548254e+01
-7.800000000000000266e-01 6.144607691003087524e+01
-7.700000000000000178e-01 6.027361098527434535e+01
-7.600000000000000089e-01 5.913939329504145803e+01
-7.500000000000000000e-01 5.804292722515574354e+01
-7.399999999999999911e-01 5.698261376771186093e+01
-7.299999999999999822e-01 5.595187950435155244e+01
-7.199999999999999734e-01 5.494132302999845052e+01
-7.099999999999999645e-01 5.394963356786546882e+01
-6.999999999999999556e-01 5.298587282345285132e+01
-6.899999999999999467e-01 5.205595875973232722e+01
-6.800000000000000488e-01 5.116183318315095363e+01
-6.700000000000000400e-01 5.030473622536367628e+01
-6.600000000000000311e-01 4.947829385433500704e+01
-6.500000000000000222e-01 4.866981246126385940e+01
-6.400000000000000133e-01 4.787652211473524488e+01
-6.300000000000000044e-01 4.710208824460249843e+01
-6.199999999999999956e-01 4.634342966211330150e+01
-6.099999999999999867e-01 4.560241224599096910e+01
-5.999999999999999778e-01 4.488337143954442610e+01
-5.899999999999999689e-01 4.418662827365805867e+01
-5.799999999999999600e-01 4.351629014327882317e+01
-5.699999999999999512e-01 4.286747355410227556e+01
-5.600000000000000533e-01 4.223250942653447026e+01
-5.500000000000000444e-01 4.161745107908674157e+01
-5.400000000000000355e-01 4.101662754256813059e+01
-5.300000000000000266e-01 4.042097600522567546e+01
-5.200000000000000178e-01 3.983773056828584913e+01
-5.100000000000000089e-01 3.927225932978673484e+01
-5.000000000000000000e-01 3.872135317490990047e+01
-4.899999999999999911e-01 3.818573332111552787e+01
-4.799999999999999822e-01 3.766230900112544333e+01
-4.699999999999999734e-01 3.715009867876130301e+01
-4.600000000000000200e-01 3.665503155053369966e+01
-4.500000000000000111e-01 3.616769279851634167e+01
-4.400000000000000022e-01 3.568418604375142422e+01
-4.299999999999999933e-01 3.520765363821585936e+01
-4.199999999999999845e-01 3.474237473830553569e+01
-4.099999999999999756e-01 3.428998789831286587e+01
-4.000000000000000222e-01 3.384075651755127012e+01
-3.900000000000000133e-01 3.339937856961579854e+01
-3.800000000000000044e-01 3.297656322839647203e+01
-3.699999999999999956e-01 3.256588033729287446e+01
-3.599999999999999867e-01 3.215714301047938051e+01
-3.499999999999999778e-01 3.174544924502304610e+01
-3.400000000000000244e-01 3.134469051915260707e+01
-3.300000000000000155e-01 3.095510968736056157e+01
-3.200000000000000067e-01 3.057139074656486599e+01
-3.099999999999999978e-01 3.019240172695397106e+01
-2.999999999999999889e-01 2.981644983958199902e+01
-2.899999999999999800e-01 2.944237266522722862e+01
-2.800000000000000266e-01 2.907225876286907607e+01
-2.700000000000000178e-01 2.870732222268228995e+01
-2.600000000000000089e-01 2.835235217346765069e+01
-2.500000000000000000e-01 2.801261956855571711e+01
-2.399999999999999911e-01 2.766476610260719582e+01
-2.300000000000000100e-01 2.732011186953570459e+01
-2.200000000000000011e-01 2.699837126303599533e+01
-2.099999999999999922e-01 2.667743907328589614e+01
-2.000000000000000111e-01 2.633443369828357916e+01
-1.900000000000000022e-01 2.599901816764621998e+01
-1.799999999999999933e-01 2.564656878827642927e+01
-1.700000000000000122e-01 2.530766543436244120e+01
-1.600000000000000033e-01 2.495996166090444390e+01
-1.499999999999999944e-01 2.457580810975760244e+01
-1.400000000000000133e-01 2.420038215682662752e+01
-1.300000000000000044e-01 2.381346782108633420e+01
-1.199999999999999956e-01 2.340221109615182016e+01
-1.100000000000000006e-01 2.295888572368776437e+01
-1.000000000000000056e-01 2.247654002846607924e+01
-8.999999999999999667e-02 2.194919409240975483e+01
-8.000000000000000167e-02 2.137760363605568870e+01
-7.000000000000000666e-02 2.078006397224240587e+01
-5.999999999999999778e-02 2.007185997079714923e+01
-5.000000000000000278e-02 1.928427223961431380e+01
-4.000000000000000083e-02 1.846210176555194948e+01
-2.999999999999999889e-02 1.752960551118839305e+01
-2.000000000000000042e-02 1.636916887926995656e+01
-1.000000000000000021e-02 1.453971926744533505e+01
