c:\users\mark\owncloud\muelheim group\projects\gas phase background\ex340_cec356_ag he arm22.vms
Survey
	Characteristic Energy eV	1486.61	Acquisition Time s	2.7
KE_Survey	BE_Survey	CPS_Survey	Background_Survey
286.61	1200	4407.63	4407.63
287.11	1199.5	4400.93	4400.93
287.61	1199	4368.37	4368.37
288.11	1198.5	4393.74	4393.74
288.61	1198	4434.26	4434.26
289.11	1197.5	4405.37	4405.37
289.61	1197	4433.89	4433.89
290.11	1196.5	4479.93	4479.93
290.61	1196	4516.04	4516.04
291.11	1195.5	4451.74	4451.74
291.61	1195	4421.85	4421.85
292.11	1194.5	4438.44	4438.44
292.61	1194	4406.81	4406.81
293.11	1193.5	4388	4388
293.61	1193	4471.04	4471.04
294.11	1192.5	4465.89	4465.89
294.61	1192	4502.93	4502.93
295.11	1191.5	4467.11	4467.11
295.61	1191	4418.22	4418.22
296.11	1190.5	4407.37	4407.37
296.61	1190	4432.44	4432.44
297.11	1189.5	4455.78	4455.78
297.61	1189	4474.96	4474.96
298.11	1188.5	4471.41	4471.41
298.61	1188	4465	4465
299.11	1187.5	4347.37	4347.37
299.61	1187	4375.11	4375.11
300.11	1186.5	4361.89	4361.89
300.61	1186	4383.81	4383.81
301.11	1185.5	4375.41	4375.41
301.61	1185	4314.78	4314.78
302.11	1184.5	4292.56	4292.56
302.61	1184	4252.11	4252.11
303.11	1183.5	4275.89	4275.89
303.61	1183	4223.63	4223.63
304.11	1182.5	4140.59	4140.59
304.61	1182	4176.59	4176.59
305.11	1181.5	4076.78	4076.78
305.61	1181	4085.74	4085.74
306.11	1180.5	4000.96	4000.96
306.61	1180	4036.85	4036.85
307.11	1179.5	4003.48	4003.48
307.61	1179	3974.67	3974.67
308.11	1178.5	3951.67	3951.67
308.61	1178	3864.52	3864.52
309.11	1177.5	3842.07	3842.07
309.61	1177	3823.89	3823.89
310.11	1176.5	3823.26	3823.26
310.61	1176	3837.89	3837.89
311.11	1175.5	3811.63	3811.63
311.61	1175	3755.67	3755.67
312.11	1174.5	3739.96	3739.96
312.61	1174	3649.17	3649.17
313.11	1173.5	3683.64	3683.64
313.61	1173	3675.73	3675.73
314.11	1172.5	3723.37	3723.37
314.61	1172	3704.93	3704.93
315.11	1171.5	3704.85	3704.85
315.61	1171	3725.07	3725.07
316.11	1170.5	3734.44	3734.44
316.61	1170	3698.76	3698.76
317.11	1169.5	3725.93	3725.93
317.61	1169	3717.89	3717.89
318.11	1168.5	3712.22	3712.22
318.61	1168	3737.7	3737.7
319.11	1167.5	3735.26	3735.26
319.61	1167	3739.48	3739.48
320.11	1166.5	3723.37	3723.37
320.61	1166	3718.04	3718.04
321.11	1165.5	3767.44	3767.44
321.61	1165	3784.44	3784.44
322.11	1164.5	3750.74	3750.74
322.61	1164	3800.81	3800.81
323.11	1163.5	3840.74	3840.74
323.61	1163	3763.7	3763.7
324.11	1162.5	3825.41	3825.41
324.61	1162	3832	3832
325.11	1161.5	3810.22	3810.22
325.61	1161	3840.19	3840.19
326.11	1160.5	3855.52	3855.52
326.61	1160	3920.26	3920.26
327.11	1159.5	3908.67	3908.67
327.61	1159	3888	3888
328.11	1158.5	3852.07	3852.07
328.61	1158	3904.78	3904.78
329.11	1157.5	3871.07	3871.07
329.61	1157	3869.11	3869.11
330.11	1156.5	3958.11	3958.11
330.61	1156	3967.11	3967.11
331.11	1155.5	3951.74	3951.74
331.61	1155	3901.48	3901.48
332.11	1154.5	3914.93	3914.93
332.61	1154	3912.19	3912.19
333.11	1153.5	3801	3801
333.61	1153	3795	3795
334.11	1152.5	3787.52	3787.52
334.61	1152	3754.22	3754.22
335.11	1151.5	3732.7	3732.7
335.61	1151	3691.56	3691.56
336.11	1150.5	3779.41	3779.41
336.61	1150	3840.33	3840.33
337.11	1149.5	3715.74	3715.74
337.61	1149	3656.86	3656.86
338.11	1148.5	3599.61	3599.61
338.61	1148	3631.01	3631.01
339.11	1147.5	3608.49	3608.49
339.61	1147	3544.99	3544.99
340.11	1146.5	3530	3530
340.61	1146	3557.36	3557.36
341.11	1145.5	3620.74	3620.74
341.61	1145	3598.11	3598.11
342.11	1144.5	3587.06	3587.06
342.61	1144	3600.43	3600.43
343.11	1143.5	3642.45	3642.45
343.61	1143	3662.55	3662.55
344.11	1142.5	3657.08	3657.08
344.61	1142	3614.5	3614.5
345.11	1141.5	3731.63	3731.63
345.61	1141	3747	3747
346.11	1140.5	3813.37	3813.37
346.61	1140	3876.04	3876.04
347.11	1139.5	3920.78	3920.78
347.61	1139	3998.07	3998.07
348.11	1138.5	4095.33	4095.33
348.61	1138	4293.26	4293.26
349.11	1137.5	4290.81	4290.81
349.61	1137	4298.93	4298.93
350.11	1136.5	4389.37	4389.37
350.61	1136	4639.63	4639.63
351.11	1135.5	5232.93	5232.93
351.61	1135	6104.19	6104.19
352.11	1134.5	6113.07	6113.07
352.61	1134	5731.44	5731.44
353.11	1133.5	5509.67	5509.67
353.61	1133	5385.33	5385.33
354.11	1132.5	4960.11	4960.11
354.61	1132	4665.93	4665.93
355.11	1131.5	4403.59	4403.59
355.61	1131	4220.3	4220.3
356.11	1130.5	4231.81	4231.81
356.61	1130	4216.78	4216.78
357.11	1129.5	4634.74	4634.74
357.61	1129	5439.11	5439.11
358.11	1128.5	5284.44	5284.44
358.61	1128	4450.22	4450.22
359.11	1127.5	4102.11	4102.11
359.61	1127	3684.24	3684.24
360.11	1126.5	3296.92	3296.92
360.61	1126	3180.66	3180.66
361.11	1125.5	3121.06	3121.06
361.61	1125	3112.02	3112.02
362.11	1124.5	3058.76	3058.76
362.61	1124	3015.09	3015.09
363.11	1123.5	3006.11	3006.11
363.61	1123	2988.63	2988.63
364.11	1122.5	2915.46	2915.46
364.61	1122	2869.13	2869.13
365.11	1121.5	2887.79	2887.79
365.61	1121	2885.94	2885.94
366.11	1120.5	2801.11	2801.11
366.61	1120	2810.23	2810.23
367.11	1119.5	2814.07	2814.07
367.61	1119	2804.46	2804.46
368.11	1118.5	2783.02	2783.02
368.61	1118	2759.99	2759.99
369.11	1117.5	2773.59	2773.59
369.61	1117	2757.5	2757.5
370.11	1116.5	2732.46	2732.46
370.61	1116	2740.73	2740.73
371.11	1115.5	2735.66	2735.66
371.61	1115	2779.36	2779.36
372.11	1114.5	2751.86	2751.86
372.61	1114	2736.11	2736.11
373.11	1113.5	2732.84	2732.84
373.61	1113	2769.83	2769.83
374.11	1112.5	2752.53	2752.53
374.61	1112	2705.67	2705.67
375.11	1111.5	2748.7	2748.7
375.61	1111	2736.03	2736.03
376.11	1110.5	2800.27	2800.27
376.61	1110	2719.13	2719.13
377.11	1109.5	2726.49	2726.49
377.61	1109	2756.5	2756.5
378.11	1108.5	2741.06	2741.06
378.61	1108	2815.76	2815.76
379.11	1107.5	2768.34	2768.34
379.61	1107	2824.44	2824.44
380.11	1106.5	2800.68	2800.68
380.61	1106	2797.19	2797.19
381.11	1105.5	2827.75	2827.75
381.61	1105	2819.76	2819.76
382.11	1104.5	2847.48	2847.48
382.61	1104	2775.26	2775.26
383.11	1103.5	2785.47	2785.47
383.61	1103	2775.58	2775.58
384.11	1102.5	2812	2812
384.61	1102	2759.06	2759.06
385.11	1101.5	2767.58	2767.58
385.61	1101	2799.27	2799.27
386.11	1100.5	2825.36	2825.36
386.61	1100	2835.71	2835.71
387.11	1099.5	2803.79	2803.79
387.61	1099	2845.67	2845.67
388.11	1098.5	2863.12	2863.12
388.61	1098	2757.01	2757.01
389.11	1097.5	2767.85	2767.85
389.61	1097	2802.24	2802.24
390.11	1096.5	2839.56	2839.56
390.61	1096	2808.52	2808.52
391.11	1095.5	2829.54	2829.54
391.61	1095	2874.66	2874.66
392.11	1094.5	2907.37	2907.37
392.61	1094	2878.31	2878.31
393.11	1093.5	2863.63	2863.63
393.61	1093	2867.81	2867.81
394.11	1092.5	2904.81	2904.81
394.61	1092	2857.33	2857.33
395.11	1091.5	2892.8	2892.8
395.61	1091	2854.61	2854.61
396.11	1090.5	2906.04	2906.04
396.61	1090	2914.72	2914.72
397.11	1089.5	2920.43	2920.43
397.61	1089	2929.93	2929.93
398.11	1088.5	2899	2899
398.61	1088	2892.46	2892.46
399.11	1087.5	2928.45	2928.45
399.61	1087	2944.6	2944.6
400.11	1086.5	2912.39	2912.39
400.61	1086	2900.68	2900.68
401.11	1085.5	2945.42	2945.42
401.61	1085	2959.93	2959.93
402.11	1084.5	2975.95	2975.95
402.61	1084	2980.76	2980.76
403.11	1083.5	2974.39	2974.39
403.61	1083	2948.54	2948.54
404.11	1082.5	2956.67	2956.67
404.61	1082	2950.11	2950.11
405.11	1081.5	2953.97	2953.97
405.61	1081	2994.07	2994.07
406.11	1080.5	2964.83	2964.83
406.61	1080	2963.79	2963.79
407.11	1079.5	2978.23	2978.23
407.61	1079	2996.82	2996.82
408.11	1078.5	2983.06	2983.06
408.61	1078	2956.16	2956.16
409.11	1077.5	2969.67	2969.67
409.61	1077	3000.79	3000.79
410.11	1076.5	2977.04	2977.04
410.61	1076	2988.42	2988.42
411.11	1075.5	3059.88	3059.88
411.61	1075	3091.58	3091.58
412.11	1074.5	3001.01	3001.01
412.61	1074	3026.54	3026.54
413.11	1073.5	3038.44	3038.44
413.61	1073	3015.67	3015.67
414.11	1072.5	3042.31	3042.31
414.61	1072	3079.12	3079.12
415.11	1071.5	3081.22	3081.22
415.61	1071	3061.96	3061.96
416.11	1070.5	3050.99	3050.99
416.61	1070	3049.84	3049.84
417.11	1069.5	3057.77	3057.77
417.61	1069	3062.74	3062.74
418.11	1068.5	3088.27	3088.27
418.61	1068	3122.96	3122.96
419.11	1067.5	3122.14	3122.14
419.61	1067	3076.91	3076.91
420.11	1066.5	3110.73	3110.73
420.61	1066	3110.51	3110.51
421.11	1065.5	3145.1	3145.1
421.61	1065	3122.28	3122.28
422.11	1064.5	3117.3	3117.3
422.61	1064	3111.68	3111.68
423.11	1063.5	3093.74	3093.74
423.61	1063	3106.35	3106.35
424.11	1062.5	3134.09	3134.09
424.61	1062	3107.04	3107.04
425.11	1061.5	3107.57	3107.57
425.61	1061	3105.51	3105.51
426.11	1060.5	3158.5	3158.5
426.61	1060	3150.97	3150.97
427.11	1059.5	3145.04	3145.04
427.61	1059	3222.17	3222.17
428.11	1058.5	3204.35	3204.35
428.61	1058	3139.92	3139.92
429.11	1057.5	3140.94	3140.94
429.61	1057	3193.29	3193.29
430.11	1056.5	3149.06	3149.06
430.61	1056	3144.22	3144.22
431.11	1055.5	3244.35	3244.35
431.61	1055	3188.48	3188.48
432.11	1054.5	3191.46	3191.46
432.61	1054	3155.25	3155.25
433.11	1053.5	3171.38	3171.38
433.61	1053	3184.98	3184.98
434.11	1052.5	3202.65	3202.65
434.61	1052	3187.43	3187.43
435.11	1051.5	3216.91	3216.91
435.61	1051	3164.96	3164.96
436.11	1050.5	3203.05	3203.05
436.61	1050	3266.09	3266.09
437.11	1049.5	3218.23	3218.23
437.61	1049	3207.14	3207.14
438.11	1048.5	3196.36	3196.36
438.61	1048	3228.79	3228.79
439.11	1047.5	3209.61	3209.61
439.61	1047	3221.46	3221.46
440.11	1046.5	3279.5	3279.5
440.61	1046	3225.27	3225.27
441.11	1045.5	3281.92	3281.92
441.61	1045	3254.26	3254.26
442.11	1044.5	3316.95	3316.95
442.61	1044	3245.93	3245.93
443.11	1043.5	3251.17	3251.17
443.61	1043	3244.92	3244.92
444.11	1042.5	3266.54	3266.54
444.61	1042	3261.3	3261.3
445.11	1041.5	3287.93	3287.93
445.61	1041	3294.08	3294.08
446.11	1040.5	3254.29	3254.29
446.61	1040	3317.71	3317.71
447.11	1039.5	3276.58	3276.58
447.61	1039	3250.9	3250.9
448.11	1038.5	3248.64	3248.64
448.61	1038	3328.79	3328.79
449.11	1037.5	3301.42	3301.42
449.61	1037	3300.27	3300.27
450.11	1036.5	3315.13	3315.13
450.61	1036	3301.09	3301.09
451.11	1035.5	3305.8	3305.8
451.61	1035	3358.03	3358.03
452.11	1034.5	3364.1	3364.1
452.61	1034	3348.11	3348.11
453.11	1033.5	3331.92	3331.92
453.61	1033	3395.37	3395.37
454.11	1032.5	3409.35	3409.35
454.61	1032	3332.52	3332.52
455.11	1031.5	3339.09	3339.09
455.61	1031	3379.19	3379.19
456.11	1030.5	3359.7	3359.7
456.61	1030	3367.05	3367.05
457.11	1029.5	3366.64	3366.64
457.61	1029	3381.55	3381.55
458.11	1028.5	3356.59	3356.59
458.61	1028	3403.59	3403.59
459.11	1027.5	3347.4	3347.4
459.61	1027	3417.65	3417.65
460.11	1026.5	3362.23	3362.23
460.61	1026	3361.44	3361.44
461.11	1025.5	3403.54	3403.54
461.61	1025	3434.57	3434.57
462.11	1024.5	3405.1	3405.1
462.61	1024	3422.03	3422.03
463.11	1023.5	3444.82	3444.82
463.61	1023	3396.76	3396.76
464.11	1022.5	3379.92	3379.92
464.61	1022	3402.35	3402.35
465.11	1021.5	3441.98	3441.98
465.61	1021	3451.42	3451.42
466.11	1020.5	3434.82	3434.82
466.61	1020	3390.48	3390.48
467.11	1019.5	3430.2	3430.2
467.61	1019	3413.36	3413.36
468.11	1018.5	3483.04	3483.04
468.61	1018	3485.46	3485.46
469.11	1017.5	3445.36	3445.36
469.61	1017	3437.35	3437.35
470.11	1016.5	3449.82	3449.82
470.61	1016	3467	3467
471.11	1015.5	3450.43	3450.43
471.61	1015	3419.07	3419.07
472.11	1014.5	3413.52	3413.52
472.61	1014	3441.43	3441.43
473.11	1013.5	3438.3	3438.3
473.61	1013	3479.55	3479.55
474.11	1012.5	3423.63	3423.63
474.61	1012	3464.67	3464.67
475.11	1011.5	3423.62	3423.62
475.61	1011	3493.11	3493.11
476.11	1010.5	3476.81	3476.81
476.61	1010	3533.41	3533.41
477.11	1009.5	3504.1	3504.1
477.61	1009	3484.99	3484.99
478.11	1008.5	3504.53	3504.53
478.61	1008	3493.01	3493.01
479.11	1007.5	3473.63	3473.63
479.61	1007	3487.7	3487.7
480.11	1006.5	3475.73	3475.73
480.61	1006	3530.56	3530.56
481.11	1005.5	3495.79	3495.79
481.61	1005	3508.35	3508.35
482.11	1004.5	3520.55	3520.55
482.61	1004	3521.8	3521.8
483.11	1003.5	3489.7	3489.7
483.61	1003	3513.72	3513.72
484.11	1002.5	3535.61	3535.61
484.61	1002	3538.3	3538.3
485.11	1001.5	3529.03	3529.03
485.61	1001	3514.86	3514.86
486.11	1000.5	3515.04	3515.04
486.61	1000	3582.35	3582.35
487.11	999.5	3608.47	3608.47
487.61	999	3564.62	3564.62
488.11	998.5	3547.5	3547.5
488.61	998	3605.92	3605.92
489.11	997.5	3536.17	3536.17
489.61	997	3559.67	3559.67
490.11	996.5	3557.81	3557.81
490.61	996	3561.51	3561.51
491.11	995.5	3569.77	3569.77
491.61	995	3595.61	3595.61
492.11	994.5	3599.42	3599.42
492.61	994	3652.1	3652.1
493.11	993.5	3626.32	3626.32
493.61	993	3652.46	3652.46
494.11	992.5	3658.16	3658.16
494.61	992	3563.56	3563.56
495.11	991.5	3639.74	3639.74
495.61	991	3681.14	3681.14
496.11	990.5	3684.45	3684.45
496.61	990	3650.41	3650.41
497.11	989.5	3631.42	3631.42
497.61	989	3648.9	3648.9
498.11	988.5	3633.25	3633.25
498.61	988	3646.49	3646.49
499.11	987.5	3643.92	3643.92
499.61	987	3647.9	3647.9
500.11	986.5	3609.97	3609.97
500.61	986	3651.66	3651.66
501.11	985.5	3650.7	3650.7
501.61	985	3612.82	3612.82
502.11	984.5	3669.08	3669.08
502.61	984	3671.61	3671.61
503.11	983.5	3670.24	3670.24
503.61	983	3684.38	3684.38
504.11	982.5	3621.3	3621.3
504.61	982	3676.81	3676.81
505.11	981.5	3651.06	3651.06
505.61	981	3645.9	3645.9
506.11	980.5	3684.7	3684.7
506.61	980	3692.78	3692.78
507.11	979.5	3732.26	3732.26
507.61	979	3677.16	3677.16
508.11	978.5	3672.62	3672.62
508.61	978	3717.96	3717.96
509.11	977.5	3685.17	3685.17
509.61	977	3733	3733
510.11	976.5	3700.51	3700.51
510.61	976	3712.85	3712.85
511.11	975.5	3712.11	3712.11
511.61	975	3665.69	3665.69
512.11	974.5	3691.53	3691.53
512.61	974	3640.93	3640.93
513.11	973.5	3680.98	3680.98
513.61	973	3692.44	3692.44
514.11	972.5	3661.05	3661.05
514.61	972	3706.44	3706.44
515.11	971.5	3743.22	3743.22
515.61	971	3706.11	3706.11
516.11	970.5	3660.8	3660.8
516.61	970	3732.78	3732.78
517.11	969.5	3731.89	3731.89
517.61	969	3728.33	3728.33
518.11	968.5	3683.09	3683.09
518.61	968	3696.71	3696.71
519.11	967.5	3698.51	3698.51
519.61	967	3717.41	3717.41
520.11	966.5	3703.11	3703.11
520.61	966	3699.41	3699.41
521.11	965.5	3690.26	3690.26
521.61	965	3693.14	3693.14
522.11	964.5	3782.74	3782.74
522.61	964	3725.48	3725.48
523.11	963.5	3702.01	3702.01
523.61	963	3759	3759
524.11	962.5	3699.93	3699.93
524.61	962	3686.95	3686.95
525.11	961.5	3682.91	3682.91
525.61	961	3758.78	3758.78
526.11	960.5	3759.11	3759.11
526.61	960	3709	3709
527.11	959.5	3706.41	3706.41
527.61	959	3701.03	3701.03
528.11	958.5	3747.52	3747.52
528.61	958	3720.11	3720.11
529.11	957.5	3743.07	3743.07
529.61	957	3766.96	3766.96
530.11	956.5	3796.3	3796.3
530.61	956	3701.43	3701.43
531.11	955.5	3802.59	3802.59
531.61	955	3815.11	3815.11
532.11	954.5	3779.7	3779.7
532.61	954	3756.67	3756.67
533.11	953.5	3829.33	3829.33
533.61	953	3810.22	3810.22
534.11	952.5	3728.67	3728.67
534.61	952	3750.37	3750.37
535.11	951.5	3816.78	3816.78
535.61	951	3810.63	3810.63
536.11	950.5	3769.33	3769.33
536.61	950	3791.48	3791.48
537.11	949.5	3773.11	3773.11
537.61	949	3788.74	3788.74
538.11	948.5	3811.67	3811.67
538.61	948	3793.41	3793.41
539.11	947.5	3783.48	3783.48
539.61	947	3808	3808
540.11	946.5	3782.56	3782.56
540.61	946	3785.15	3785.15
541.11	945.5	3814.81	3814.81
541.61	945	3821.15	3821.15
542.11	944.5	3843.19	3843.19
542.61	944	3856.59	3856.59
543.11	943.5	3833.26	3833.26
543.61	943	3887.63	3887.63
544.11	942.5	3859.26	3859.26
544.61	942	3818.63	3818.63
545.11	941.5	3883.22	3883.22
545.61	941	3825.44	3825.44
546.11	940.5	3822.07	3822.07
546.61	940	3806.81	3806.81
547.11	939.5	3806.59	3806.59
547.61	939	3799.74	3799.74
548.11	938.5	3845.07	3845.07
548.61	938	3867.33	3867.33
549.11	937.5	3881.74	3881.74
549.61	937	3878.26	3878.26
550.11	936.5	3835.04	3835.04
550.61	936	3883.74	3883.74
551.11	935.5	3929.81	3929.81
551.61	935	3849	3849
552.11	934.5	3914.78	3914.78
552.61	934	3920.59	3920.59
553.11	933.5	3884.07	3884.07
553.61	933	3927.74	3927.74
554.11	932.5	3930.85	3930.85
554.61	932	3933	3933
555.11	931.5	3903.63	3903.63
555.61	931	3910.81	3910.81
556.11	930.5	3916.89	3916.89
556.61	930	3958.59	3958.59
557.11	929.5	3907.93	3907.93
557.61	929	3903.04	3903.04
558.11	928.5	3946.89	3946.89
558.61	928	3937.15	3937.15
559.11	927.5	3988.93	3988.93
559.61	927	3967.78	3967.78
560.11	926.5	4018.48	4018.48
560.61	926	3972.48	3972.48
561.11	925.5	3948.67	3948.67
561.61	925	3978.44	3978.44
562.11	924.5	3993.52	3993.52
562.61	924	4028.15	4028.15
563.11	923.5	3984.63	3984.63
563.61	923	3937.15	3937.15
564.11	922.5	3999.7	3999.7
564.61	922	3969.56	3969.56
565.11	921.5	3959.15	3959.15
565.61	921	3969.59	3969.59
566.11	920.5	3969.81	3969.81
566.61	920	3979.74	3979.74
567.11	919.5	3996.33	3996.33
567.61	919	4042.81	4042.81
568.11	918.5	4061.93	4061.93
568.61	918	4006.22	4006.22
569.11	917.5	4007.85	4007.85
569.61	917	4038.04	4038.04
570.11	916.5	4071.11	4071.11
570.61	916	4044.37	4044.37
571.11	915.5	4064.7	4064.7
571.61	915	4104.22	4104.22
572.11	914.5	4056.81	4056.81
572.61	914	4094.63	4094.63
573.11	913.5	4146.41	4146.41
573.61	913	4084.81	4084.81
574.11	912.5	4033.11	4033.11
574.61	912	4106.81	4106.81
575.11	911.5	4086.89	4086.89
575.61	911	4085	4085
576.11	910.5	4077.85	4077.85
576.61	910	4070.48	4070.48
577.11	909.5	4107.33	4107.33
577.61	909	4053.22	4053.22
578.11	908.5	4111.7	4111.7
578.61	908	4092.07	4092.07
579.11	907.5	4093.63	4093.63
579.61	907	4167.78	4167.78
580.11	906.5	4139.85	4139.85
580.61	906	4161.04	4161.04
581.11	905.5	4161.04	4161.04
581.61	905	4132.7	4132.7
582.11	904.5	4163.07	4163.07
582.61	904	4140.7	4140.7
583.11	903.5	4187	4187
583.61	903	4153.78	4153.78
584.11	902.5	4178.41	4178.41
584.61	902	4142.33	4142.33
585.11	901.5	4136.41	4136.41
585.61	901	4224.3	4224.3
586.11	900.5	4217.78	4217.78
586.61	900	4131.15	4131.15
587.11	899.5	4119.37	4119.37
587.61	899	4141.96	4141.96
588.11	898.5	4184.07	4184.07
588.61	898	4239.93	4239.93
589.11	897.5	4225.63	4225.63
589.61	897	4193.41	4193.41
590.11	896.5	4202.48	4202.48
590.61	896	4208.78	4208.78
591.11	895.5	4228.78	4228.78
591.61	895	4253.52	4253.52
592.11	894.5	4279.48	4279.48
592.61	894	4314.63	4314.63
593.11	893.5	4267.81	4267.81
593.61	893	4232.04	4232.04
594.11	892.5	4214.19	4214.19
594.61	892	4269.81	4269.81
595.11	891.5	4250.48	4250.48
595.61	891	4205.19	4205.19
596.11	890.5	4285.33	4285.33
596.61	890	4250.63	4250.63
597.11	889.5	4292.67	4292.67
597.61	889	4280.19	4280.19
598.11	888.5	4262.78	4262.78
598.61	888	4358.85	4358.85
599.11	887.5	4358.22	4358.22
599.61	887	4300.22	4300.22
600.11	886.5	4287.37	4287.37
600.61	886	4247.52	4247.52
601.11	885.5	4409.07	4409.07
601.61	885	4331.07	4331.07
602.11	884.5	4276.11	4276.11
602.61	884	4347.74	4347.74
603.11	883.5	4328.89	4328.89
603.61	883	4358.19	4358.19
604.11	882.5	4378.7	4378.7
604.61	882	4340.07	4340.07
605.11	881.5	4454.26	4454.26
605.61	881	4375.7	4375.7
606.11	880.5	4405.93	4405.93
606.61	880	4357.07	4357.07
607.11	879.5	4390.89	4390.89
607.61	879	4400.52	4400.52
608.11	878.5	4435.04	4435.04
608.61	878	4397.67	4397.67
609.11	877.5	4372.78	4372.78
609.61	877	4383.33	4383.33
610.11	876.5	4442.04	4442.04
610.61	876	4463.74	4463.74
611.11	875.5	4449.3	4449.3
611.61	875	4449.78	4449.78
612.11	874.5	4481.33	4481.33
612.61	874	4469.44	4469.44
613.11	873.5	4406.85	4406.85
613.61	873	4421.78	4421.78
614.11	872.5	4456.96	4456.96
614.61	872	4464.33	4464.33
615.11	871.5	4526.78	4526.78
615.61	871	4459.44	4459.44
616.11	870.5	4496.04	4496.04
616.61	870	4480.37	4480.37
617.11	869.5	4437.74	4437.74
617.61	869	4447.81	4447.81
618.11	868.5	4491.04	4491.04
618.61	868	4513.59	4513.59
619.11	867.5	4561.37	4561.37
619.61	867	4529	4529
620.11	866.5	4510.89	4510.89
620.61	866	4589.56	4589.56
621.11	865.5	4575.48	4575.48
621.61	865	4575.37	4575.37
622.11	864.5	4580.04	4580.04
622.61	864	4547.19	4547.19
623.11	863.5	4546.22	4546.22
623.61	863	4552.04	4552.04
624.11	862.5	4574	4574
624.61	862	4597.48	4597.48
625.11	861.5	4533.19	4533.19
625.61	861	4608.3	4608.3
626.11	860.5	4633.56	4633.56
626.61	860	4612.63	4612.63
627.11	859.5	4609.78	4609.78
627.61	859	4554.78	4554.78
628.11	858.5	4628.67	4628.67
628.61	858	4654.52	4654.52
629.11	857.5	4652.41	4652.41
629.61	857	4618.33	2888.51
630.11	856.5	4676.48	2891.31
630.61	856	4650.7	2894.12
631.11	855.5	4642.63	2896.92
631.61	855	4681.7	2899.73
632.11	854.5	4631	2902.53
632.61	854	4660.81	2905.34
633.11	853.5	4691	2908.14
633.61	853	4721.63	2910.95
634.11	852.5	4725.04	2913.75
634.61	852	4710.33	2916.56
635.11	851.5	4639	2919.36
635.61	851	4673.11	2922.17
636.11	850.5	4703.41	2924.98
636.61	850	4727.89	2927.79
637.11	849.5	4689.56	2930.59
637.61	849	4746.78	2933.4
638.11	848.5	4747.81	2936.21
638.61	848	4716.81	2939.02
639.11	847.5	4779.52	2941.83
639.61	847	4771.11	2944.65
640.11	846.5	4777.11	2947.46
640.61	846	4732.26	2950.27
641.11	845.5	4766.93	2953.09
641.61	845	4753.78	2955.9
642.11	844.5	4749.78	2958.72
642.61	844	4732.7	2961.53
643.11	843.5	4811.11	2964.35
643.61	843	4775.22	2967.17
644.11	842.5	4805.59	2969.99
644.61	842	4832.11	2972.81
645.11	841.5	4788.15	2975.64
645.61	841	4853.37	2978.46
646.11	840.5	4827.04	2981.28
646.61	840	4839.33	2984.11
647.11	839.5	4833.48	2986.94
647.61	839	4874.52	2989.77
648.11	838.5	4880	2992.6
648.61	838	4885	2995.43
649.11	837.5	4887.85	2998.26
649.61	837	4881.81	3001.1
650.11	836.5	4923.15	3003.94
650.61	836	4995.74	3006.77
651.11	835.5	4879.26	3009.61
651.61	835	4839.41	3012.46
652.11	834.5	4935.7	3015.3
652.61	834	4937.37	3018.14
653.11	833.5	4951.93	3020.99
653.61	833	4963.37	3023.84
654.11	832.5	4971.15	3026.69
654.61	832	4960.04	3029.54
655.11	831.5	4983.93	3032.4
655.61	831	4948.22	3035.26
656.11	830.5	4961.93	3038.12
656.61	830	4989.26	3040.98
657.11	829.5	4942.89	3043.84
657.61	829	4979.7	3046.7
658.11	828.5	5000.3	3049.57
658.61	828	5018	3052.44
659.11	827.5	5022.41	3055.31
659.61	827	5000.22	3058.19
660.11	826.5	5039	3061.07
660.61	826	5052.26	3063.95
661.11	825.5	5053.81	3066.83
661.61	825	5077.44	3069.71
662.11	824.5	5032.07	3072.6
662.61	824	5105.96	3075.49
663.11	823.5	5082.15	3078.38
663.61	823	5058.3	3081.27
664.11	822.5	5069.89	3084.17
664.61	822	5088.37	3087.07
665.11	821.5	5093.37	3089.97
665.61	821	5119.41	3092.88
666.11	820.5	5183.41	3095.79
666.61	820	5185.52	3098.7
667.11	819.5	5149.37	3101.62
667.61	819	5141.59	3104.53
668.11	818.5	5093.59	3107.45
668.61	818	5184.7	3110.38
669.11	817.5	5174.52	3113.3
669.61	817	5161.89	3116.23
670.11	816.5	5085.11	3119.17
670.61	816	5103.59	3122.1
671.11	815.5	5154.56	3125.04
671.61	815	5152.78	3127.98
672.11	814.5	5142.59	3130.93
672.61	814	5182.78	3133.88
673.11	813.5	5254.74	3136.83
673.61	813	5205.59	3139.79
674.11	812.5	5195.74	3142.75
674.61	812	5195.7	3145.71
675.11	811.5	5196.59	3148.68
675.61	811	5140.3	3151.65
676.11	810.5	5230.81	3154.62
676.61	810	5265	3157.6
677.11	809.5	5257.11	3160.58
677.61	809	5266.04	3163.57
678.11	808.5	5256	3166.56
678.61	808	5307.07	3169.55
679.11	807.5	5334.37	3172.55
679.61	807	5304.52	3175.55
680.11	806.5	5300.3	3178.56
680.61	806	5207.93	3181.56
681.11	805.5	5320.59	3184.58
681.61	805	5327.81	3187.59
682.11	804.5	5287.48	3190.62
682.61	804	5312.44	3193.64
683.11	803.5	5345.07	3196.67
683.61	803	5356.48	3199.71
684.11	802.5	5315.93	3202.74
684.61	802	5383.22	3205.79
685.11	801.5	5373.04	3208.83
685.61	801	5341.52	3211.88
686.11	800.5	5366.26	3214.94
686.61	800	5371.7	3218
687.11	799.5	5359.04	3221.07
687.61	799	5336.3	3224.13
688.11	798.5	5421.78	3227.21
688.61	798	5476.48	3230.29
689.11	797.5	5371.93	3233.37
689.61	797	5368.07	3236.46
690.11	796.5	5436.96	3239.55
690.61	796	5372.81	3242.65
691.11	795.5	5452.41	3245.75
691.61	795	5447.22	3248.86
692.11	794.5	5450.59	3251.97
692.61	794	5477.44	3255.09
693.11	793.5	5439.26	3258.21
693.61	793	5422.19	3261.34
694.11	792.5	5464.52	3264.47
694.61	792	5504.63	3267.61
695.11	791.5	5592.15	3270.75
695.61	791	5566.22	3273.9
696.11	790.5	5453.96	3277.05
696.61	790	5451.33	3280.21
697.11	789.5	5493.56	3283.38
697.61	789	5549.19	3286.55
698.11	788.5	5573.11	3289.72
698.61	788	5513.37	3292.9
699.11	787.5	5504.33	3296.09
699.61	787	5565.56	3299.28
700.11	786.5	5676.44	3302.47
700.61	786	5596.11	3305.68
701.11	785.5	5615.56	3308.88
701.61	785	5584.96	3312.1
702.11	784.5	5574.22	3315.32
702.61	784	5603.63	3318.54
703.11	783.5	5621.89	3321.77
703.61	783	5600.26	3325.01
704.11	782.5	5593.56	3328.25
704.61	782	5678.96	3331.5
705.11	781.5	5631.67	3334.76
705.61	781	5619.48	3338.02
706.11	780.5	5698.26	3341.28
706.61	780	5651.07	3344.56
707.11	779.5	5698.22	3347.83
707.61	779	5633.41	3351.12
708.11	778.5	5573.44	3354.41
708.61	778	5655.78	3357.7
709.11	777.5	5647.7	3361
709.61	777	5734.56	3364.31
710.11	776.5	5748.93	3367.62
710.61	776	5696.85	3370.94
711.11	775.5	5723.93	3374.26
711.61	775	5755.19	3377.59
712.11	774.5	5681.33	3380.93
712.61	774	5714.93	3384.27
713.11	773.5	5830.96	3387.61
713.61	773	5789.85	3390.96
714.11	772.5	5801.56	3394.32
714.61	772	5798.37	3397.68
715.11	771.5	5775.74	3401.04
715.61	771	5799.7	3404.41
716.11	770.5	5785.26	3407.78
716.61	770	5809.78	3411.16
717.11	769.5	5840.41	3414.55
717.61	769	5878.11	3417.94
718.11	768.5	5823.52	3421.33
718.61	768	5871.85	3424.73
719.11	767.5	5909.04	3428.13
719.61	767	5872.89	3431.54
720.11	766.5	5854.52	3434.95
720.61	766	5885.04	3438.37
721.11	765.5	5935.37	3441.79
721.61	765	5912.41	3445.22
722.11	764.5	5900.96	3448.65
722.61	764	5941.67	3452.08
723.11	763.5	5895.41	3455.52
723.61	763	5876.19	3458.96
724.11	762.5	5898.89	3462.41
724.61	762	5992.7	3465.86
725.11	761.5	6004.59	3469.31
725.61	761	6015.04	3472.77
726.11	760.5	5970.85	3476.23
726.61	760	5986.15	3479.7
727.11	759.5	5987.96	3483.17
727.61	759	6004.63	3486.64
728.11	758.5	6027	3490.12
728.61	758	6060.59	3493.6
729.11	757.5	6032.67	3497.09
729.61	757	6039.11	3500.58
730.11	756.5	6029.07	3504.07
730.61	756	6057.22	3507.56
731.11	755.5	6103.22	3511.06
731.61	755	6157.63	3514.56
732.11	754.5	6164.96	3518.07
732.61	754	6122.11	3521.58
733.11	753.5	6134.3	3525.09
733.61	753	6010.93	3528.6
734.11	752.5	6016.15	3532.12
734.61	752	6030.7	3535.64
735.11	751.5	6124.22	3539.16
735.61	751	6138.11	3542.69
736.11	750.5	6148.41	3546.22
736.61	750	6163.41	3549.75
737.11	749.5	6127.26	3553.29
737.61	749	6118.81	3556.82
738.11	748.5	6153.33	3560.36
738.61	748	6152.3	3563.91
739.11	747.5	6208.3	3567.45
739.61	747	6212.74	3571
740.11	746.5	6257.81	3574.55
740.61	746	6239.74	3578.1
741.11	745.5	6167.26	3581.66
741.61	745	6263.56	3585.21
742.11	744.5	6275.63	3588.77
742.61	744	6243.41	3592.34
743.11	743.5	6343.93	3595.9
743.61	743	6317	3599.47
744.11	742.5	6316.07	3603.03
744.61	742	6271.67	3606.6
745.11	741.5	6339.26	3610.18
745.61	741	6295.26	3613.75
746.11	740.5	6276.48	3617.32
746.61	740	6271.33	3620.9
747.11	739.5	6288.7	3624.48
747.61	739	6366.52	3628.06
748.11	738.5	6344.26	3631.64
748.61	738	6316.15	3635.23
749.11	737.5	6350.78	3638.81
749.61	737	6384.33	3642.4
750.11	736.5	6323.19	3645.99
750.61	736	6310.56	3649.58
751.11	735.5	6380	3653.17
751.61	735	6432.89	3656.76
752.11	734.5	6390.44	3660.35
752.61	734	6330.78	3663.95
753.11	733.5	6371.11	3667.54
753.61	733	6406.22	3671.14
754.11	732.5	6400.37	3674.74
754.61	732	6409.04	3678.34
755.11	731.5	6407.81	3681.94
755.61	731	6408.85	3685.54
756.11	730.5	6347.78	3689.14
756.61	730	6407.81	3692.74
757.11	729.5	6476.67	3696.34
757.61	729	6413	3699.95
758.11	728.5	6387.15	3703.55
758.61	728	6532.93	3707.15
759.11	727.5	6488.85	3710.76
759.61	727	6555.96	3714.36
760.11	726.5	6569.78	3717.97
760.61	726	6543.85	3721.58
761.11	725.5	6591.37	3725.18
761.61	725	6604.48	3728.79
762.11	724.5	6567.85	3732.39
762.61	724	6593.81	3736
763.11	723.5	6689.04	3739.61
763.61	723	6709.15	3743.22
764.11	722.5	6859.04	3746.82
764.61	722	6940.07	3750.43
765.11	721.5	6887.07	3754.04
765.61	721	6940.37	3757.64
766.11	720.5	7017.7	3761.25
766.61	720	7097.63	3764.85
767.11	719.5	7035.41	3768.46
767.61	719	7147.33	3772.06
768.11	718.5	7114.11	3775.67
768.61	718	7100.78	3779.27
769.11	717.5	7000.74	3782.88
769.61	717	6985.15	3786.48
770.11	716.5	6999.7	3790.08
770.61	716	6792.33	3793.68
771.11	715.5	6748.07	3797.28
771.61	715	6719.67	3800.88
772.11	714.5	6710.52	3804.48
772.61	714	6707.37	3808.08
773.11	713.5	6692.78	3811.68
773.61	713	6606.63	3815.27
774.11	712.5	6558.78	3818.87
774.61	712	6513.78	3822.46
775.11	711.5	6526.44	3826.06
775.61	711	6488.74	3829.65
776.11	710.5	6459.89	3833.24
776.61	710	6487.41	3836.83
777.11	709.5	6445.44	3840.41
777.61	709	6437.3	3844
778.11	708.5	6456.74	3847.59
778.61	708	6478.85	3851.17
779.11	707.5	6420.74	3854.75
779.61	707	6441.59	3858.33
780.11	706.5	6466.67	3861.91
780.61	706	6424.52	3865.48
781.11	705.5	6448.04	3869.06
781.61	705	6421.11	3872.63
782.11	704.5	6401.26	3876.2
782.61	704	6399.07	3879.77
783.11	703.5	6470.15	3883.34
783.61	703	6501.67	3886.91
784.11	702.5	6440.52	3890.47
784.61	702	6403.59	3894.03
785.11	701.5	6428.93	3897.6
785.61	701	6421.89	3901.16
786.11	700.5	6455.26	3904.72
786.61	700	6427.85	3908.27
787.11	699.5	6456.19	3911.83
787.61	699	6427.41	3915.39
788.11	698.5	6434.37	3918.94
788.61	698	6456.22	3922.5
789.11	697.5	6435.85	3926.05
789.61	697	6477.74	3929.6
790.11	696.5	6511.7	3933.16
790.61	696	6461.56	3936.71
791.11	695.5	6542.89	3940.26
791.61	695	6481.81	3943.81
792.11	694.5	6480.33	3947.36
792.61	694	6503.04	3950.91
793.11	693.5	6504.56	3954.46
793.61	693	6488.56	3958.01
794.11	692.5	6478.11	3961.56
794.61	692	6526	3965.11
795.11	691.5	6532.22	3968.66
795.61	691	6527	3972.2
796.11	690.5	6533.37	3975.75
796.61	690	6569	3979.3
797.11	689.5	6584.48	3982.85
797.61	689	6532.63	3986.4
798.11	688.5	6449.81	3989.96
798.61	688	6592.44	3993.51
799.11	687.5	6558.67	3997.06
799.61	687	6555.96	4000.61
800.11	686.5	6597.19	4004.17
800.61	686	6644.52	4007.72
801.11	685.5	6671.74	4011.27
801.61	685	6644.78	4014.83
802.11	684.5	6656.7	4018.39
802.61	684	6626.81	4021.95
803.11	683.5	6625	4025.5
803.61	683	6600.37	4029.07
804.11	682.5	6710.78	4032.63
804.61	682	6618.44	4036.19
805.11	681.5	6657.59	4039.75
805.61	681	6653.93	4043.32
806.11	680.5	6663.56	4046.89
806.61	680	6733.93	4050.46
807.11	679.5	6641.3	4054.03
807.61	679	6687.7	4057.6
808.11	678.5	6668.7	4061.17
808.61	678	6735.96	4064.75
809.11	677.5	6786.78	4068.33
809.61	677	6730.56	4071.91
810.11	676.5	6775.04	4075.49
810.61	676	6774.7	4079.08
811.11	675.5	6763.81	4082.66
811.61	675	6677.04	4086.25
812.11	674.5	6729.41	4089.84
812.61	674	6768.56	4093.44
813.11	673.5	6698.19	4097.04
813.61	673	6773.41	4100.63
814.11	672.5	6756.56	4104.24
814.61	672	6802.81	4107.84
815.11	671.5	6833.04	4111.45
815.61	671	6801.85	4115.06
816.11	670.5	6883.19	4118.67
816.61	670	6862.81	4122.29
817.11	669.5	6894.59	4125.91
817.61	669	6812.67	4129.53
818.11	668.5	6812.89	4133.16
818.61	668	6787.15	4136.79
819.11	667.5	6859.26	4140.42
819.61	667	6862.93	4144.05
820.11	666.5	6812.22	4147.69
820.61	666	6868.67	4151.34
821.11	665.5	6944.19	4154.98
821.61	665	6950.74	4158.63
822.11	664.5	6922.22	4162.29
822.61	664	6911.3	4165.94
823.11	663.5	6924.81	4169.61
823.61	663	6938.22	4173.27
824.11	662.5	6955.41	4176.94
824.61	662	6957.26	4180.62
825.11	661.5	6942.37	4184.29
825.61	661	6945	4187.98
826.11	660.5	6948	4191.66
826.61	660	7021.44	4195.36
827.11	659.5	6911.81	4199.05
827.61	659	6968.7	4202.75
828.11	658.5	6997.63	4206.46
828.61	658	7050.04	4210.17
829.11	657.5	7028.52	4213.88
829.61	657	7054.48	4217.6
830.11	656.5	7053.81	4221.32
830.61	656	7058.93	4225.05
831.11	655.5	7069.15	4228.79
831.61	655	7101.74	4232.53
832.11	654.5	7137.48	4236.27
832.61	654	7093.67	4240.02
833.11	653.5	7043.7	4243.77
833.61	653	7119.22	4247.53
834.11	652.5	7111.52	4251.3
834.61	652	7154.63	4255.07
835.11	651.5	7153.07	4258.85
835.61	651	7096.26	4262.63
836.11	650.5	7063.63	4266.42
836.61	650	7088.81	4270.21
837.11	649.5	7183.37	4274.01
837.61	649	7212.48	4277.82
838.11	648.5	7206.56	4281.63
838.61	648	7080.22	4285.45
839.11	647.5	7116.26	4289.27
839.61	647	7149.22	4293.1
840.11	646.5	7209.63	4296.94
840.61	646	7148.89	4300.78
841.11	645.5	7183.78	4304.63
841.61	645	7184.63	4308.49
842.11	644.5	7191.96	4312.35
842.61	644	7169.56	4316.22
843.11	643.5	7155	4320.09
843.61	643	7167.33	4323.98
844.11	642.5	7226.15	4327.86
844.61	642	7220.33	4331.76
845.11	641.5	7265.7	4335.66
845.61	641	7235.11	4339.57
846.11	640.5	7316.56	4343.49
846.61	640	7266.04	4347.42
847.11	639.5	7231.59	4351.35
847.61	639	7348.44	4355.29
848.11	638.5	7314	4359.23
848.61	638	7297.48	4363.19
849.11	637.5	7288	4367.15
849.61	637	7312.33	4371.12
850.11	636.5	7288.44	4375.09
850.61	636	7344.67	4379.08
851.11	635.5	7398.41	4383.07
851.61	635	7421.67	4387.07
852.11	634.5	7400.81	4391.08
852.61	634	7429.78	4395.1
853.11	633.5	7420.07	4399.12
853.61	633	7439.22	4403.15
854.11	632.5	7433.81	4407.19
854.61	632	7493.63	4411.24
855.11	631.5	7550.3	4415.3
855.61	631	7642.22	4419.37
856.11	630.5	7579.19	4423.44
856.61	630	7547.44	4427.52
857.11	629.5	7643	4431.61
857.61	629	7686.74	4435.71
858.11	628.5	7623.59	4439.82
858.61	628	7700.37	4443.94
859.11	627.5	7655.7	4448.06
859.61	627	7781.3	4452.2
860.11	626.5	7714.85	4456.34
860.61	626	7758.44	4460.49
861.11	625.5	7773.48	4464.65
861.61	625	7663.37	4468.81
862.11	624.5	7655.52	4472.98
862.61	624	7638	4477.17
863.11	623.5	7572.56	4481.35
863.61	623	7542.7	4485.55
864.11	622.5	7479.11	4489.75
864.61	622	7498.41	4493.96
865.11	621.5	7449.33	4498.18
865.61	621	7493.85	4502.41
866.11	620.5	7493.56	4506.64
866.61	620	7404.19	4510.88
867.11	619.5	7404.44	4515.13
867.61	619	7457.11	4519.38
868.11	618.5	7463.56	4523.64
868.61	618	7486.07	4527.91
869.11	617.5	7402.93	4532.18
869.61	617	7418.74	4536.46
870.11	616.5	7498.63	4540.75
870.61	616	7436.74	4545.04
871.11	615.5	7451.41	4549.34
871.61	615	7449.04	4553.64
872.11	614.5	7319.33	4557.96
872.61	614	7394.89	4562.27
873.11	613.5	7402.15	4566.6
873.61	613	7433.26	4570.93
874.11	612.5	7478.96	4575.26
874.61	612	7428.07	4579.6
875.11	611.5	7573.74	4583.95
875.61	611	7620.74	4588.3
876.11	610.5	7635.37	4592.66
876.61	610	7671.81	4597.02
877.11	609.5	7743.26	4601.39
877.61	609	7822.26	4605.76
878.11	608.5	7922.33	4610.14
878.61	608	8074.11	4614.52
879.11	607.5	8155.15	4618.91
879.61	607	8356.59	4623.3
880.11	606.5	8628.15	4627.7
880.61	606	9109.78	4632.1
881.11	605.5	9809.74	4636.51
881.61	605	10697.9	4640.92
882.11	604.5	11824.2	4645.34
882.61	604	12280.3	4649.76
883.11	603.5	11833.3	4654.18
883.61	603	10751.2	4658.61
884.11	602.5	9586.89	4663.04
884.61	602	8821.85	4667.48
885.11	601.5	8301.81	4671.92
885.61	601	8089.44	4676.36
886.11	600.5	7930.22	4680.81
886.61	600	7764.96	4685.26
887.11	599.5	7617.59	4689.72
887.61	599	7536.85	4694.17
888.11	598.5	7547.48	4698.64
888.61	598	7551.33	4703.1
889.11	597.5	7450.11	4707.57
889.61	597	7458.37	4712.04
890.11	596.5	7441.15	4716.52
890.61	596	7450.33	4720.99
891.11	595.5	7501.85	4725.47
891.61	595	7408	4729.96
892.11	594.5	7503.19	4734.44
892.61	594	7464.63	4738.93
893.11	593.5	7297.26	4743.42
893.61	593	7251.26	4747.92
894.11	592.5	7065.48	4752.41
894.61	592	7035.15	4756.91
895.11	591.5	6905.67	4761.41
895.61	591	6848.19	4765.91
896.11	590.5	6853.93	4770.42
896.61	590	6843.37	4774.93
897.11	589.5	6808.15	4779.43
897.61	589	6744.3	4783.95
898.11	588.5	6712.7	4788.46
898.61	588	6711.78	4792.97
899.11	587.5	6699.48	4797.49
899.61	587	6700.85	4802
900.11	586.5	6731.33	4806.52
900.61	586	6649.3	4811.04
901.11	585.5	6665.52	4815.56
901.61	585	6664.56	4820.08
902.11	584.5	6697.41	4824.6
902.61	584	6703.07	4829.13
903.11	583.5	6700.67	4833.65
903.61	583	6633.52	4838.18
904.11	582.5	6651.59	4842.7
904.61	582	6713.7	4847.23
905.11	581.5	6750.15	4851.76
905.61	581	6801.07	4856.28
906.11	580.5	6785.26	4860.81
906.61	580	6881.96	4865.34
907.11	579.5	6838.07	4869.87
907.61	579	6979.78	4874.39
908.11	578.5	7121.26	4878.92
908.61	578	7257.78	4883.45
909.11	577.5	7251.26	4887.98
909.61	577	7614.3	4892.51
910.11	576.5	7991.63	4897.03
910.61	576	8469.44	4901.56
911.11	575.5	9145.19	4906.09
911.61	575	10229.1	4910.61
912.11	574.5	11753.1	4915.14
912.61	574	13607.4	4919.66
913.11	573.5	15432.2	4924.19
913.61	573	15706.4	4928.71
914.11	572.5	14217.7	4933.23
914.61	572	12003.9	4937.75
915.11	571.5	10002	4942.27
915.61	571	8560.74	4946.79
916.11	570.5	7711.26	4951.3
916.61	570	7077	4955.82
917.11	569.5	6705.41	4960.33
917.61	569	6351.07	4964.85
918.11	568.5	6091.22	4969.36
918.61	568	6008.44	4973.86
919.11	567.5	5812.48	4978.37
919.61	567	5691.78	4982.88
920.11	566.5	5636.78	4987.38
920.61	566	5564.3	4991.88
921.11	565.5	5420.81	4996.38
921.61	565	5461.41	5000.87
922.11	564.5	5379.85	5005.37
922.61	564	5332.93	5009.86
923.11	563.5	5284.67	5014.35
923.61	563	5248.44	5018.83
924.11	562.5	5260.37	5023.32
924.61	562	5276.59	5027.8
925.11	561.5	5241.74	5032.28
925.61	561	5301.74	5036.75
926.11	560.5	5244.33	5041.22
926.61	560	5247	5045.69
927.11	559.5	5226.96	5050.16
927.61	559	5201.26	5054.62
928.11	558.5	5156.93	5059.08
928.61	558	5202.11	5063.53
929.11	557.5	5194.15	5067.98
929.61	557	5268.41	5072.43
930.11	556.5	5218.59	5076.88
930.61	556	5189.48	5081.32
931.11	555.5	5197.78	5085.75
931.61	555	5200.22	5090.19
932.11	554.5	5111.44	5094.62
932.61	554	5189.74	5099.04
933.11	553.5	5184.19	5103.46
933.61	553	5170.19	5107.88
934.11	552.5	5192.07	5112.29
934.61	552	5224.67	5116.7
935.11	551.5	5168.15	5121.1
935.61	551	5191.56	5125.5
936.11	550.5	5172.48	5129.89
936.61	550	5141.33	5134.29
937.11	549.5	5210.07	5138.67
937.61	549	5210.52	5143.06
938.11	548.5	5168.63	5147.44
938.61	548	5213.37	5151.81
939.11	547.5	5242.81	5156.18
939.61	547	5272.56	5160.55
940.11	546.5	5241.81	5164.92
940.61	546	5242.15	5169.28
941.11	545.5	5184.19	5173.63
941.61	545	5165.37	5177.98
942.11	544.5	5238.07	5182.33
942.61	544	5256.81	5186.68
943.11	543.5	5201.04	5191.02
943.61	543	5264.22	5195.36
944.11	542.5	5229.04	5199.69
944.61	542	5219.11	5204.02
945.11	541.5	5231.48	5208.35
945.61	541	5275.52	5212.67
946.11	540.5	5236	5216.99
946.61	540	5241.93	5221.31
947.11	539.5	5218.56	5225.62
947.61	539	5262.7	5229.93
948.11	538.5	5275.93	5234.24
948.61	538	5318.93	5238.54
949.11	537.5	5274.22	5242.84
949.61	537	5297.3	5247.14
950.11	536.5	5273.56	5251.43
950.61	536	5336.74	5255.72
951.11	535.5	5353.56	5260
951.61	535	5305.11	5264.29
952.11	534.5	5329.19	5268.57
952.61	534	5300.7	5272.84
953.11	533.5	5396.48	5277.12
953.61	533	5447.37	5281.39
954.11	532.5	5574.07	5285.66
954.61	532	5572.89	5289.92
955.11	531.5	5497.56	5294.18
955.61	531	5439.22	5298.44
956.11	530.5	5390.78	5302.7
956.61	530	5432.04	5306.95
957.11	529.5	5367.11	5311.2
957.61	529	5354.19	5315.45
958.11	528.5	5361	5319.69
958.61	528	5284.44	5323.93
959.11	527.5	5256.44	5328.17
959.61	527	5298.15	5332.41
960.11	526.5	5329	5336.64
960.61	526	5321.22	5340.87
961.11	525.5	5279.15	5345.1
961.61	525	5271.15	5349.32
962.11	524.5	5385.48	5353.54
962.61	524	5326.89	5357.76
963.11	523.5	5337.89	5361.98
963.61	523	5287.41	5366.2
964.11	522.5	5313.19	5370.41
964.61	522	5358	5374.62
965.11	521.5	5359.48	5378.82
965.61	521	5328.7	5383.03
966.11	520.5	5359.07	5387.23
966.61	520	5402.11	5391.43
967.11	519.5	5362.74	5395.63
967.61	519	5374.22	5399.82
968.11	518.5	5407.81	5404.02
968.61	518	5403.3	5408.21
969.11	517.5	5363.41	5412.4
969.61	517	5402.15	5416.58
970.11	516.5	5443.3	5420.77
970.61	516	5398.11	5424.95
971.11	515.5	5456.67	5429.13
971.61	515	5413.48	5433.31
972.11	514.5	5361.7	5437.48
972.61	514	5467.15	5441.66
973.11	513.5	5445.3	5445.83
973.61	513	5384.96	5450
974.11	512.5	5476.74	5454.17
974.61	512	5482.07	5458.33
975.11	511.5	5478.7	5462.5
975.61	511	5463.89	5466.66
976.11	510.5	5537.04	5470.82
976.61	510	5538.41	5474.98
977.11	509.5	5528.22	5479.13
977.61	509	5534.56	5483.29
978.11	508.5	5481.48	5487.44
978.61	508	5470.37	5491.59
979.11	507.5	5524.59	5495.74
979.61	507	5516.56	5499.89
980.11	506.5	5466.89	5504.04
980.61	506	5464.85	5508.18
981.11	505.5	5510.59	5512.33
981.61	505	5514.56	5516.47
982.11	504.5	5529.81	5520.61
982.61	504	5577.85	5524.75
983.11	503.5	5578.59	5528.89
983.61	503	5505.52	5533.02
984.11	502.5	5515.04	5537.16
984.61	502	5540.19	5541.29
985.11	501.5	5483.85	5545.42
985.61	501	5482.89	5549.55
986.11	500.5	5585.63	5553.68
986.61	500	5590.78	5557.81
987.11	499.5	5618.11	5561.94
987.61	499	5615.19	5566.06
988.11	498.5	5614.07	5570.19
988.61	498	5587	5574.31
989.11	497.5	5581.11	5578.43
989.61	497	5602.74	5582.55
990.11	496.5	5658.7	5586.67
990.61	496	5596.26	5590.79
991.11	495.5	5643.67	5594.91
991.61	495	5558.33	5599.03
992.11	494.5	5649.33	5603.14
992.61	494	5639.93	5607.26
993.11	493.5	5622.07	5611.37
993.61	493	5620.52	5615.49
994.11	492.5	5643.15	5619.6
994.61	492	5632.7	5623.71
995.11	491.5	5609	5627.82
995.61	491	5666.11	5631.93
996.11	490.5	5639.04	5636.04
996.61	490	5671.81	5640.15
997.11	489.5	5611.11	5644.26
997.61	489	5649.37	5648.37
998.11	488.5	5764.96	5652.47
998.61	488	5703.04	5656.58
999.11	487.5	5711.96	5660.69
999.61	487	5650.74	5664.79
1000.11	486.5	5672.78	5668.9
1000.61	486	5644.59	5673
1001.11	485.5	5743.41	5677.11
1001.61	485	5793.41	5681.21
1002.11	484.5	5786.52	5685.31
1002.61	484	5808.7	5689.41
1003.11	483.5	5735.63	5693.52
1003.61	483	5712.93	5697.62
1004.11	482.5	5770.11	5701.72
1004.61	482	5697	5705.82
1005.11	481.5	5685.37	5709.92
1005.61	481	5734.19	5714.03
1006.11	480.5	5740.44	5718.13
1006.61	480	5753.11	5722.23
1007.11	479.5	5771.59	5726.33
1007.61	479	5796.11	5730.43
1008.11	478.5	5730.41	5734.53
1008.61	478	5738.63	5738.63
1009.11	477.5	5797.7	5797.7
1009.61	477	5810.33	5810.33
1010.11	476.5	5852.33	5852.33
1010.61	476	5776.93	5776.93
1011.11	475.5	5814.56	5814.56
1011.61	475	5794.89	5794.89
1012.11	474.5	5789.89	5789.89
1012.61	474	5797.22	5797.22
1013.11	473.5	5800.89	5800.89
1013.61	473	5815.63	5815.63
1014.11	472.5	5866.93	5866.93
1014.61	472	5880.15	5880.15
1015.11	471.5	5838.26	5838.26
1015.61	471	5882.52	5882.52
1016.11	470.5	5886.3	5886.3
1016.61	470	5856.56	5856.56
1017.11	469.5	5951.41	5951.41
1017.61	469	5857.7	5857.7
1018.11	468.5	5860.22	5860.22
1018.61	468	5924.11	5924.11
1019.11	467.5	5895.44	5895.44
1019.61	467	5907.3	5907.3
1020.11	466.5	5897.7	5897.7
1020.61	466	5945.37	5945.37
1021.11	465.5	5954.63	5954.63
1021.61	465	5974.89	5974.89
1022.11	464.5	5959.85	5959.85
1022.61	464	5915.52	5915.52
1023.11	463.5	6020.81	6020.81
1023.61	463	6037.63	6037.63
1024.11	462.5	5946.93	5946.93
1024.61	462	5908.15	5908.15
1025.11	461.5	5958.44	5958.44
1025.61	461	6009.52	6009.52
1026.11	460.5	5962.48	5962.48
1026.61	460	6015.33	6015.33
1027.11	459.5	6025.48	6025.48
1027.61	459	6086.96	6086.96
1028.11	458.5	6051.3	6051.3
1028.61	458	6078.93	6078.93
1029.11	457.5	6051.33	6051.33
1029.61	457	5893.7	5893.7
1030.11	456.5	5988.74	5988.74
1030.61	456	6075.89	6075.89
1031.11	455.5	6011.85	6011.85
1031.61	455	6110.52	6110.52
1032.11	454.5	6114.11	6114.11
1032.61	454	6088.67	6088.67
1033.11	453.5	6149.41	6149.41
1033.61	453	6104	6104
1034.11	452.5	6006.37	6006.37
1034.61	452	6031	6031
1035.11	451.5	6021.7	6021.7
1035.61	451	6131.41	6131.41
1036.11	450.5	6157.89	6157.89
1036.61	450	6149.52	6149.52
1037.11	449.5	6112.26	6112.26
1037.61	449	6176.11	6176.11
1038.11	448.5	6058.07	6058.07
1038.61	448	6102.3	6102.3
1039.11	447.5	6074.3	6074.3
1039.61	447	6120.93	6120.93
1040.11	446.5	6161.67	6161.67
1040.61	446	6107.26	6107.26
1041.11	445.5	6132.3	6132.3
1041.61	445	6110.52	6110.52
1042.11	444.5	6142.19	6142.19
1042.61	444	6217.11	6217.11
1043.11	443.5	6212.11	6212.11
1043.61	443	6108.41	6108.41
1044.11	442.5	6100.56	6100.56
1044.61	442	6142.96	6142.96
1045.11	441.5	6211.04	6211.04
1045.61	441	6197.93	6197.93
1046.11	440.5	6160	6160
1046.61	440	6239.56	6239.56
1047.11	439.5	6161.11	6161.11
1047.61	439	6184.07	6184.07
1048.11	438.5	6202.3	6202.3
1048.61	438	6208.37	6208.37
1049.11	437.5	6278.11	6278.11
1049.61	437	6178.74	6178.74
1050.11	436.5	6245.96	6245.96
1050.61	436	6240.52	6240.52
1051.11	435.5	6206.81	6206.81
1051.61	435	6185.19	6185.19
1052.11	434.5	6270.81	6270.81
1052.61	434	6308.85	6308.85
1053.11	433.5	6313.89	6313.89
1053.61	433	6207.74	6207.74
1054.11	432.5	6249.07	6249.07
1054.61	432	6234.52	6234.52
1055.11	431.5	6267.37	6267.37
1055.61	431	6322.56	6322.56
1056.11	430.5	6269.3	6269.3
1056.61	430	6254.41	6254.41
1057.11	429.5	6272.52	6272.52
1057.61	429	6339	6339
1058.11	428.5	6392.11	6392.11
1058.61	428	6355.96	6355.96
1059.11	427.5	6362	6362
1059.61	427	6359.15	6359.15
1060.11	426.5	6380.59	6380.59
1060.61	426	6337.81	6337.81
1061.11	425.5	6396.93	6396.93
1061.61	425	6408.81	6408.81
1062.11	424.5	6336.52	6336.52
1062.61	424	6338.63	6338.63
1063.11	423.5	6409.15	6409.15
1063.61	423	6426.7	6426.7
1064.11	422.5	6468.89	6468.89
1064.61	422	6366	6366
1065.11	421.5	6425.48	6425.48
1065.61	421	6479.59	6479.59
1066.11	420.5	6519.44	6519.44
1066.61	420	6464.26	6464.26
1067.11	419.5	6430.93	6430.93
1067.61	419	6457.15	6457.15
1068.11	418.5	6431.41	6431.41
1068.61	418	6399.11	6399.11
1069.11	417.5	6444.78	6444.78
1069.61	417	6509.37	6509.37
1070.11	416.5	6553.11	6553.11
1070.61	416	6505.96	6505.96
1071.11	415.5	6433.22	6433.22
1071.61	415	6603.67	6603.67
1072.11	414.5	6574.7	6574.7
1072.61	414	6475.15	6475.15
1073.11	413.5	6506.07	6506.07
1073.61	413	6627.15	6627.15
1074.11	412.5	6565.07	6565.07
1074.61	412	6513.07	6513.07
1075.11	411.5	6502.59	6502.59
1075.61	411	6594.81	6594.81
1076.11	410.5	6612.44	6612.44
1076.61	410	6605.44	6605.44
1077.11	409.5	6661.22	6661.22
1077.61	409	6685.93	6685.93
1078.11	408.5	6688.78	6688.78
1078.61	408	6619.85	6619.85
1079.11	407.5	6673.3	6673.3
1079.61	407	6679.85	6679.85
1080.11	406.5	6744.67	6744.67
1080.61	406	6759.96	6759.96
1081.11	405.5	6788.93	6788.93
1081.61	405	6789.04	6789.04
1082.11	404.5	6869.15	6869.15
1082.61	404	6896.11	6896.11
1083.11	403.5	6907.22	6907.22
1083.61	403	7040.19	7040.19
1084.11	402.5	7055.48	7055.48
1084.61	402	7103.33	7103.33
1085.11	401.5	7188.11	7188.11
1085.61	401	7230	7230
1086.11	400.5	7330.96	7330.96
1086.61	400	7323.59	7323.59
1087.11	399.5	7376.22	7376.22
1087.61	399	7438.04	7438.04
1088.11	398.5	7490.11	7490.11
1088.61	398	7416.59	7416.59
1089.11	397.5	7446.22	7446.22
1089.61	397	7368.22	7368.22
1090.11	396.5	7252.48	7252.48
1090.61	396	7816.37	7816.37
1091.11	395.5	9192.93	9192.93
1091.61	395	8196.96	8196.96
1092.11	394.5	7370.15	7370.15
1092.61	394	7229.48	7229.48
1093.11	393.5	7319.52	7319.52
1093.61	393	7293.67	7293.67
1094.11	392.5	7261.89	7261.89
1094.61	392	7328.67	7328.67
1095.11	391.5	7405.59	7405.59
1095.61	391	7098.52	7098.52
1096.11	390.5	6654.44	6654.44
1096.61	390	7464.41	7464.41
1097.11	389.5	9265.67	9265.67
1097.61	389	7908.11	7908.11
1098.11	388.5	6500.93	6500.93
1098.61	388	6181.48	6181.48
1099.11	387.5	6147.3	6147.3
1099.61	387	6081.37	6081.37
1100.11	386.5	6080.74	6080.74
1100.61	386	5958.11	5958.11
1101.11	385.5	5912.33	5912.33
1101.61	385	5883.59	5883.59
1102.11	384.5	5831.11	5831.11
1102.61	384	5787.78	5787.78
1103.11	383.5	5859.04	5859.04
1103.61	383	5860.63	5860.63
1104.11	382.5	5863.52	5863.52
1104.61	382	5856.67	5856.67
1105.11	381.5	5778.59	5778.59
1105.61	381	5692.52	5692.52
1106.11	380.5	5550.96	5550.96
1106.61	380	5434	5434
1107.11	379.5	5393.56	5393.56
1107.61	379	5487	5487
1108.11	378.5	5731.07	5731.07
1108.61	378	6209.56	6209.56
1109.11	377.5	5904.22	5904.22
1109.61	377	5620.3	5620.3
1110.11	376.5	5939.74	5939.74
1110.61	376	6561.81	6561.81
1111.11	375.5	7957.93	7957.93
1111.61	375	14102.5	14102.5
1112.11	374.5	41588.1	41588.1
1112.61	374	45140.7	45140.7
1113.11	373.5	12632.4	12632.4
1113.61	373	5585.78	5585.78
1114.11	372.5	5033.26	5033.26
1114.61	372	5357.3	5357.3
1115.11	371.5	4622	4622
1115.61	371	4024.22	4024.22
1116.11	370.5	4166.96	4166.96
1116.61	370	5048	5048
1117.11	369.5	7319.78	7319.78
1117.61	369	16534.9	16534.9
1118.11	368.5	56427.4	56427.4
1118.61	368	61816.3	61816.3
1119.11	367.5	14716.3	14716.3
1119.61	367	3904.41	3904.41
1120.11	366.5	2341.34	2341.34
1120.61	366	1857.53	1857.53
1121.11	365.5	1541.78	1541.78
1121.61	365	1400.93	1400.93
1122.11	364.5	1283.79	1283.79
1122.61	364	1187.31	1187.31
1123.11	363.5	1155.3	1155.3
1123.61	363	1103.68	1103.68
1124.11	362.5	1079.01	1079.01
1124.61	362	1056.64	1056.64
1125.11	361.5	1036.48	1036.48
1125.61	361	1007.69	1007.69
1126.11	360.5	1007.01	1007.01
1126.61	360	1003.34	1003.34
1127.11	359.5	988.848	988.848
1127.61	359	964.437	964.437
1128.11	358.5	975.011	975.011
1128.61	358	985.104	985.104
1129.11	357.5	958.959	958.959
1129.61	357	982.615	982.615
1130.11	356.5	990.815	990.815
1130.61	356	973.081	973.081
1131.11	355.5	977.563	977.563
1131.61	355	963.33	963.33
1132.11	354.5	957.789	957.789
1132.61	354	971.048	971.048
1133.11	353.5	951.311	951.311
1133.61	353	966.148	966.148
1134.11	352.5	952.83	952.83
1134.61	352	932.237	932.237
1135.11	351.5	985.859	985.859
1135.61	351	999.844	999.844
1136.11	350.5	954.319	954.319
1136.61	350	947.096	947.096
1137.11	349.5	968.2	968.2
1137.61	349	958.374	958.374
1138.11	348.5	963.922	963.922
1138.61	348	972.211	972.211
1139.11	347.5	986.563	986.563
1139.61	347	969.956	969.956
1140.11	346.5	962.681	962.681
1140.61	346	982.296	982.296
1141.11	345.5	968.207	968.207
1141.61	345	935.122	935.122
1142.11	344.5	949.348	949.348
1142.61	344	983.152	983.152
1143.11	343.5	993.011	993.011
1143.61	343	966.467	966.467
1144.11	342.5	961.322	961.322
1144.61	342	987.804	987.804
1145.11	341.5	934.689	934.689
1145.61	341	951.552	951.552
1146.11	340.5	971.796	971.796
1146.61	340	985.937	985.937
1147.11	339.5	969.263	969.263
1147.61	339	960.03	960.03
1148.11	338.5	955.8	955.8
1148.61	338	955.333	955.333
1149.11	337.5	972.196	972.196
1149.61	337	991.433	991.433
1150.11	336.5	992.033	992.033
1150.61	336	1003.41	1003.41
1151.11	335.5	1010.92	1010.92
1151.61	335	1004.66	1004.66
1152.11	334.5	1011.97	1011.97
1152.61	334	994.448	994.448
1153.11	333.5	974.763	974.763
1153.61	333	966.896	966.896
1154.11	332.5	977.122	977.122
1154.61	332	1005.16	1005.16
1155.11	331.5	998.467	998.467
1155.61	331	992.996	992.996
1156.11	330.5	994.063	994.063
1156.61	330	1008.1	1008.1
1157.11	329.5	978	978
1157.61	329	990.033	990.033
1158.11	328.5	984.485	984.485
1158.61	328	989.167	989.167
1159.11	327.5	1020.39	1020.39
1159.61	327	1010.52	1010.52
1160.11	326.5	1017.03	1017.03
1160.61	326	1002.04	1002.04
1161.11	325.5	974.207	974.207
1161.61	325	974.593	974.593
1162.11	324.5	1004	1004
1162.61	324	977.148	977.148
1163.11	323.5	982.4	982.4
1163.61	323	1000.81	1000.81
1164.11	322.5	1008.08	1008.08
1164.61	322	996.652	996.652
1165.11	321.5	989.222	989.222
1165.61	321	1012.13	1012.13
1166.11	320.5	1012.55	1012.55
1166.61	320	1042.64	1042.64
1167.11	319.5	1043.07	1043.07
1167.61	319	1079.5	1079.5
1168.11	318.5	1027.8	1027.8
1168.61	318	1032.44	1032.44
1169.11	317.5	1034.52	1034.52
1169.61	317	1037.19	1037.19
1170.11	316.5	1032.53	1032.53
1170.61	316	1031.79	1031.79
1171.11	315.5	1047.04	1047.04
1171.61	315	1019.09	1019.09
1172.11	314.5	1003.21	1003.21
1172.61	314	1003.79	1003.79
1173.11	313.5	996.374	996.374
1173.61	313	1006.42	1006.42
1174.11	312.5	1024.84	1024.84
1174.61	312	1023.4	1023.4
1175.11	311.5	1013.81	1013.81
1175.61	311	1028.76	1028.76
1176.11	310.5	1028.4	1028.4
1176.61	310	1059.18	1059.18
1177.11	309.5	1029.31	1029.31
1177.61	309	1042.74	1042.74
1178.11	308.5	1024.33	1024.33
1178.61	308	1029.54	1029.54
1179.11	307.5	1045.17	1045.17
1179.61	307	1033.17	1033.17
1180.11	306.5	1047.88	1047.88
1180.61	306	1060.04	1060.04
1181.11	305.5	1024.89	1024.89
1181.61	305	1016.54	1016.54
1182.11	304.5	989.267	989.267
1182.61	304	1013.5	1013.5
1183.11	303.5	999.322	999.322
1183.61	303	1030.22	1030.22
1184.11	302.5	1042.87	1042.87
1184.61	302	1024.05	1024.05
1185.11	301.5	1023.01	1023.01
1185.61	301	1025.44	1025.44
1186.11	300.5	1016.07	1016.07
1186.61	300	971.737	971.737
1187.11	299.5	997.419	997.419
1187.61	299	1018.02	1018.02
1188.11	298.5	1030.72	1030.72
1188.61	298	1043.78	1043.78
1189.11	297.5	1026.01	1026.01
1189.61	297	1035.22	1035.22
1190.11	296.5	1033.48	1033.48
1190.61	296	1040.91	1040.91
1191.11	295.5	1029.22	1029.22
1191.61	295	1023.78	1023.78
1192.11	294.5	1026.99	1026.99
1192.61	294	1024.11	1024.11
1193.11	293.5	1029.81	1029.81
1193.61	293	1024.31	1024.31
1194.11	292.5	1067.58	1067.58
1194.61	292	1075.56	1075.56
1195.11	291.5	1050.27	1050.27
1195.61	291	1041.91	1041.91
1196.11	290.5	1046.93	1046.93
1196.61	290	1050.13	1050.13
1197.11	289.5	1057.6	1057.6
1197.61	289	1069.21	1069.21
1198.11	288.5	1064.94	1064.94
1198.61	288	1090.56	1090.56
1199.11	287.5	1102.71	1102.71
1199.61	287	1103.39	1103.39
1200.11	286.5	1172.96	1172.96
1200.61	286	1210.44	1210.44
1201.11	285.5	1285.98	1285.98
1201.61	285	1536	1536
1202.11	284.5	1692.53	1692.53
1202.61	284	1386.66	1386.66
1203.11	283.5	1089	1089
1203.61	283	1076.4	1076.4
1204.11	282.5	1028.18	1028.18
1204.61	282	1034.07	1034.07
1205.11	281.5	1060.64	1060.64
1205.61	281	1037.49	1037.49
1206.11	280.5	1036.01	1036.01
1206.61	280	1062.87	1062.87
1207.11	279.5	1052.96	1052.96
1207.61	279	1043.75	1043.75
1208.11	278.5	1032.5	1032.5
1208.61	278	1053.84	1053.84
1209.11	277.5	1047.56	1047.56
1209.61	277	1061.34	1061.34
1210.11	276.5	1055.5	1055.5
1210.61	276	1066.64	1066.64
1211.11	275.5	1057.28	1057.28
1211.61	275	1064.87	1064.87
1212.11	274.5	1069.89	1069.89
1212.61	274	1057.7	1057.7
1213.11	273.5	1010.61	1010.61
1213.61	273	1074.74	1074.74
1214.11	272.5	1062.07	1062.07
1214.61	272	1012.86	1012.86
1215.11	271.5	1025.27	1025.27
1215.61	271	1031.99	1031.99
1216.11	270.5	1048.85	1048.85
1216.61	270	1082.82	1082.82
1217.11	269.5	1088.73	1088.73
1217.61	269	1074.28	1074.28
1218.11	268.5	1056.98	1056.98
1218.61	268	1075.05	1075.05
1219.11	267.5	1065.26	1065.26
1219.61	267	1046.79	1046.79
1220.11	266.5	1069.06	1069.06
1220.61	266	1088.81	1088.81
1221.11	265.5	1092.09	1092.09
1221.61	265	1057.39	1057.39
1222.11	264.5	1062.47	1062.47
1222.61	264	1080.17	1080.17
1223.11	263.5	1057.08	1057.08
1223.61	263	1088.27	1088.27
1224.11	262.5	1110.14	1110.14
1224.61	262	1081.18	1081.18
1225.11	261.5	1081.35	1081.35
1225.61	261	1084.34	1084.34
1226.11	260.5	1093.45	1093.45
1226.61	260	1075.34	1075.34
1227.11	259.5	1076.31	1076.31
1227.61	259	1077.44	1077.44
1228.11	258.5	1060.57	1060.57
1228.61	258	1083.1	1083.1
1229.11	257.5	1074.41	1074.41
1229.61	257	1078.41	1078.41
1230.11	256.5	1096.16	1096.16
1230.61	256	1093.54	1093.54
1231.11	255.5	1084.89	1084.89
1231.61	255	1086.25	1086.25
1232.11	254.5	1074.8	1074.8
1232.61	254	1056.23	1056.23
1233.11	253.5	1057.67	1057.67
1233.61	253	1083.87	1083.87
1234.11	252.5	1081.2	1081.2
1234.61	252	1088	1088
1235.11	251.5	1066.84	1066.84
1235.61	251	1070.63	1070.63
1236.11	250.5	1082.11	1082.11
1236.61	250	1097.7	1097.7
1237.11	249.5	1084.25	1084.25
1237.61	249	1102.23	1102.23
1238.11	248.5	1110.07	1110.07
1238.61	248	1144.53	1144.53
1239.11	247.5	1101.49	1101.49
1239.61	247	1095.16	1095.16
1240.11	246.5	1135.85	1135.85
1240.61	246	1099.37	1099.37
1241.11	245.5	1120.79	1120.79
1241.61	245	1106.11	1106.11
1242.11	244.5	1124.69	1124.69
1242.61	244	1163.21	1163.21
1243.11	243.5	1142.65	1142.65
1243.61	243	1159.86	1159.86
1244.11	242.5	1178.87	1178.87
1244.61	242	1226.17	1226.17
1245.11	241.5	1198.81	1198.81
1245.61	241	1135.94	1135.94
1246.11	240.5	1110.37	1110.37
1246.61	240	1106.9	1106.9
1247.11	239.5	1093.09	1093.09
1247.61	239	1121.79	1121.79
1248.11	238.5	1112.14	1112.14
1248.61	238	1106.67	1106.67
1249.11	237.5	1110.84	1110.84
1249.61	237	1133.85	1133.85
1250.11	236.5	1149.09	1149.09
1250.61	236	1143.49	1143.49
1251.11	235.5	1120.23	1120.23
1251.61	235	1129.42	1129.42
1252.11	234.5	1126.6	1126.6
1252.61	234	1095.83	1095.83
1253.11	233.5	1123.56	1123.56
1253.61	233	1155.73	1155.73
1254.11	232.5	1146.5	1146.5
1254.61	232	1159.16	1159.16
1255.11	231.5	1147.59	1147.59
1255.61	231	1123.64	1123.64
1256.11	230.5	1134.26	1134.26
1256.61	230	1184.22	1184.22
1257.11	229.5	1139.06	1139.06
1257.61	229	1121.46	1121.46
1258.11	228.5	1160.43	1160.43
1258.61	228	1147.98	1147.98
1259.11	227.5	1175.57	1175.57
1259.61	227	1193.39	1193.39
1260.11	226.5	1173.81	1173.81
1260.61	226	1166.41	1166.41
1261.11	225.5	1225.41	1225.41
1261.61	225	1229.96	1229.96
1262.11	224.5	1198.34	1198.34
1262.61	224	1179.7	1179.7
1263.11	223.5	1145.59	1145.59
1263.61	223	1125.44	1125.44
1264.11	222.5	1139.73	1139.73
1264.61	222	1182.24	1182.24
1265.11	221.5	1165.35	1165.35
1265.61	221	1157.8	1157.8
1266.11	220.5	1136.66	1136.66
1266.61	220	1099.58	1099.58
1267.11	219.5	1135.64	1135.64
1267.61	219	1147.71	1147.71
1268.11	218.5	1160.44	1160.44
1268.61	218	1182.8	1182.8
1269.11	217.5	1152.89	1152.89
1269.61	217	1143.84	1143.84
1270.11	216.5	1154.21	1154.21
1270.61	216	1154.74	1154.74
1271.11	215.5	1157.78	1157.78
1271.61	215	1122.64	1122.64
1272.11	214.5	1179.32	1179.32
1272.61	214	1167.66	1167.66
1273.11	213.5	1168.4	1168.4
1273.61	213	1189.14	1189.14
1274.11	212.5	1191.29	1191.29
1274.61	212	1181.57	1181.57
1275.11	211.5	1153.82	1153.82
1275.61	211	1154.84	1154.84
1276.11	210.5	1164.17	1164.17
1276.61	210	1156.5	1156.5
1277.11	209.5	1182.98	1182.98
1277.61	209	1172.24	1172.24
1278.11	208.5	1161.27	1161.27
1278.61	208	1139.28	1139.28
1279.11	207.5	1173.3	1173.3
1279.61	207	1181.73	1181.73
1280.11	206.5	1190.03	1190.03
1280.61	206	1168.61	1168.61
1281.11	205.5	1168.1	1168.1
1281.61	205	1191.98	1191.98
1282.11	204.5	1191.2	1191.2
1282.61	204	1209.42	1209.42
1283.11	203.5	1185.7	1185.7
1283.61	203	1179.04	1179.04
1284.11	202.5	1200.26	1200.26
1284.61	202	1192.75	1192.75
1285.11	201.5	1173.89	1173.89
1285.61	201	1184.99	1184.99
1286.11	200.5	1210.84	1210.84
1286.61	200	1206.48	1206.48
1287.11	199.5	1198.14	1198.14
1287.61	199	1212.03	1212.03
1288.11	198.5	1213.07	1213.07
1288.61	198	1224.6	1224.6
1289.11	197.5	1226.6	1226.6
1289.61	197	1218.06	1218.06
1290.11	196.5	1217.35	1217.35
1290.61	196	1226.6	1226.6
1291.11	195.5	1231.27	1231.27
1291.61	195	1222.17	1222.17
1292.11	194.5	1234.91	1234.91
1292.61	194	1234.63	1234.63
1293.11	193.5	1221.08	1221.08
1293.61	193	1210.33	1210.33
1294.11	192.5	1239.26	1239.26
1294.61	192	1209.38	1209.38
1295.11	191.5	1214.54	1214.54
1295.61	191	1216.09	1216.09
1296.11	190.5	1254.16	1254.16
1296.61	190	1215.66	1215.66
1297.11	189.5	1224.71	1224.71
1297.61	189	1230.55	1230.55
1298.11	188.5	1243.86	1243.86
1298.61	188	1246.59	1246.59
1299.11	187.5	1241.99	1241.99
1299.61	187	1228.36	1228.36
1300.11	186.5	1219.48	1219.48
1300.61	186	1229.98	1229.98
1301.11	185.5	1235.91	1235.91
1301.61	185	1250.46	1250.46
1302.11	184.5	1265.94	1265.94
1302.61	184	1253.09	1253.09
1303.11	183.5	1253.68	1253.68
1303.61	183	1237.39	1237.39
1304.11	182.5	1220.12	1220.12
1304.61	182	1257.02	1257.02
1305.11	181.5	1247.24	1247.24
1305.61	181	1262.29	1262.29
1306.11	180.5	1272.92	1272.92
1306.61	180	1266.57	1266.57
1307.11	179.5	1243.22	1243.22
1307.61	179	1257.4	1257.4
1308.11	178.5	1226.21	1226.21
1308.61	178	1292.94	1292.94
1309.11	177.5	1297.04	1297.04
1309.61	177	1269.95	1269.95
1310.11	176.5	1260.9	1260.9
1310.61	176	1246	1246
1311.11	175.5	1245.93	1245.93
1311.61	175	1232.44	1232.44
1312.11	174.5	1256.11	1256.11
1312.61	174	1267.41	1267.41
1313.11	173.5	1278.85	1278.85
1313.61	173	1267.54	1267.54
1314.11	172.5	1274.77	1274.77
1314.61	172	1243.47	1243.47
1315.11	171.5	1266.49	1266.49
1315.61	171	1282.06	1282.06
1316.11	170.5	1263.92	1263.92
1316.61	170	1269.03	1269.03
1317.11	169.5	1282.54	1282.54
1317.61	169	1262.71	1262.71
1318.11	168.5	1266.36	1266.36
1318.61	168	1289.39	1289.39
1319.11	167.5	1305.95	1305.95
1319.61	167	1293.6	1293.6
1320.11	166.5	1320.31	1320.31
1320.61	166	1301.38	1301.38
1321.11	165.5	1314.69	1314.69
1321.61	165	1310.23	1310.23
1322.11	164.5	1315.34	1315.34
1322.61	164	1322.4	1322.4
1323.11	163.5	1323.28	1323.28
1323.61	163	1331.5	1331.5
1324.11	162.5	1364.39	1364.39
1324.61	162	1429.94	1429.94
1325.11	161.5	1399.97	1399.97
1325.61	161	1439.14	1439.14
1326.11	160.5	1428.21	1428.21
1326.61	160	1343.65	1343.65
1327.11	159.5	1299.29	1299.29
1327.61	159	1292.95	1292.95
1328.11	158.5	1295.82	1295.82
1328.61	158	1309.32	1309.32
1329.11	157.5	1272.07	1272.07
1329.61	157	1276.34	1276.34
1330.11	156.5	1310.24	1310.24
1330.61	156	1313.29	1313.29
1331.11	155.5	1284.86	1284.86
1331.61	155	1311.62	1311.62
1332.11	154.5	1320.87	1320.87
1332.61	154	1291.97	1291.97
1333.11	153.5	1321.19	1321.19
1333.61	153	1315.93	1315.93
1334.11	152.5	1326.19	1326.19
1334.61	152	1331.54	1331.54
1335.11	151.5	1317.7	1317.7
1335.61	151	1330.74	1330.74
1336.11	150.5	1341.93	1341.93
1336.61	150	1338.36	1338.36
1337.11	149.5	1335.17	1335.17
1337.61	149	1330.91	1330.91
1338.11	148.5	1326.14	1326.14
1338.61	148	1335.54	1335.54
1339.11	147.5	1326.94	1326.94
1339.61	147	1353.06	1353.06
1340.11	146.5	1334.85	1334.85
1340.61	146	1319.49	1319.49
1341.11	145.5	1356.62	1356.62
1341.61	145	1374.48	1374.48
1342.11	144.5	1352.01	1352.01
1342.61	144	1326.73	1326.73
1343.11	143.5	1331.36	1331.36
1343.61	143	1355.18	1355.18
1344.11	142.5	1358.86	1358.86
1344.61	142	1369.25	1369.25
1345.11	141.5	1342.33	1342.33
1345.61	141	1330.6	1330.6
1346.11	140.5	1327.84	1327.84
1346.61	140	1374.17	1374.17
1347.11	139.5	1364.83	1364.83
1347.61	139	1329.51	1329.51
1348.11	138.5	1339.02	1339.02
1348.61	138	1364.21	1364.21
1349.11	137.5	1371.25	1371.25
1349.61	137	1396.52	1396.52
1350.11	136.5	1375.42	1375.42
1350.61	136	1341.85	1341.85
1351.11	135.5	1397.69	1397.69
1351.61	135	1368.2	1368.2
1352.11	134.5	1391.39	1391.39
1352.61	134	1353.5	1353.5
1353.11	133.5	1358.4	1358.4
1353.61	133	1382.27	1382.27
1354.11	132.5	1372.82	1372.82
1354.61	132	1378.31	1378.31
1355.11	131.5	1385.78	1385.78
1355.61	131	1379.53	1379.53
1356.11	130.5	1390.12	1390.12
1356.61	130	1387.11	1387.11
1357.11	129.5	1407.89	1407.89
1357.61	129	1413.55	1413.55
1358.11	128.5	1404.15	1404.15
1358.61	128	1388.93	1388.93
1359.11	127.5	1413.91	1413.91
1359.61	127	1431.33	1431.33
1360.11	126.5	1409.54	1409.54
1360.61	126	1412.91	1412.91
1361.11	125.5	1458.22	1458.22
1361.61	125	1449.3	1449.3
1362.11	124.5	1414.89	1414.89
1362.61	124	1425.4	1425.4
1363.11	123.5	1440.92	1440.92
1363.61	123	1451.15	1451.15
1364.11	122.5	1459.25	1459.25
1364.61	122	1484.61	1484.61
1365.11	121.5	1435.76	1435.76
1365.61	121	1392.33	1392.33
1366.11	120.5	1433.47	1433.47
1366.61	120	1424.51	1424.51
1367.11	119.5	1420.99	1420.99
1367.61	119	1411.8	1411.8
1368.11	118.5	1421.81	1421.81
1368.61	118	1430.58	1430.58
1369.11	117.5	1413.53	1413.53
1369.61	117	1443.49	1443.49
1370.11	116.5	1433.66	1433.66
1370.61	116	1436.83	1436.83
1371.11	115.5	1447.49	1447.49
1371.61	115	1416.04	1416.04
1372.11	114.5	1388.26	1388.26
1372.61	114	1458.97	1458.97
1373.11	113.5	1423.19	1423.19
1373.61	113	1419.03	1419.03
1374.11	112.5	1435.97	1435.97
1374.61	112	1450.48	1450.48
1375.11	111.5	1434.23	1434.23
1375.61	111	1408.13	1408.13
1376.11	110.5	1421.5	1421.5
1376.61	110	1416.21	1416.21
1377.11	109.5	1434.09	1434.09
1377.61	109	1429.46	1429.46
1378.11	108.5	1425.65	1425.65
1378.61	108	1441.39	1441.39
1379.11	107.5	1418.36	1418.36
1379.61	107	1466.03	1466.03
1380.11	106.5	1466.01	1466.01
1380.61	106	1467.58	1467.58
1381.11	105.5	1482.3	1482.3
1381.61	105	1455.71	1455.71
1382.11	104.5	1486.71	1486.71
1382.61	104	1533.73	1533.73
1383.11	103.5	1524.92	1524.92
1383.61	103	1530.73	1530.73
1384.11	102.5	1539.78	1539.78
1384.61	102	1538.71	1538.71
1385.11	101.5	1550.44	1550.44
1385.61	101	1602.14	1602.14
1386.11	100.5	1606.36	1606.36
1386.61	100	1653.53	1653.53
1387.11	99.5	1705.01	1705.01
1387.61	99	1808.08	1808.08
1388.11	98.5	1887.83	1887.83
1388.61	98	1927.22	1927.22
1389.11	97.5	2013.59	2013.59
1389.61	97	1981.15	1981.15
1390.11	96.5	1977.82	1977.82
1390.61	96	1890.61	1890.61
1391.11	95.5	1797.34	1797.34
1391.61	95	1728.05	1728.05
1392.11	94.5	1697.84	1697.84
1392.61	94	1563.98	1563.98
1393.11	93.5	1562.67	1562.67
1393.61	93	1528.31	1528.31
1394.11	92.5	1473.49	1473.49
1394.61	92	1474.76	1474.76
1395.11	91.5	1465.08	1465.08
1395.61	91	1446.21	1446.21
1396.11	90.5	1409.39	1409.39
1396.61	90	1416.31	1416.31
1397.11	89.5	1450.31	1450.31
1397.61	89	1461.37	1461.37
1398.11	88.5	1403.83	1403.83
1398.61	88	1418.53	1418.53
1399.11	87.5	1408.23	1408.23
1399.61	87	1438.56	1438.56
1400.11	86.5	1418.2	1418.2
1400.61	86	1440.92	1440.92
1401.11	85.5	1402.59	1402.59
1401.61	85	1445.87	1445.87
1402.11	84.5	1436.3	1436.3
1402.61	84	1427.34	1427.34
1403.11	83.5	1409.04	1409.04
1403.61	83	1406.27	1406.27
1404.11	82.5	1414.31	1414.31
1404.61	82	1434.16	1434.16
1405.11	81.5	1375.68	1375.68
1405.61	81	1369.21	1369.21
1406.11	80.5	1375.19	1375.19
1406.61	80	1388.47	1388.47
1407.11	79.5	1395.4	1395.4
1407.61	79	1400.54	1400.54
1408.11	78.5	1368.44	1368.44
1408.61	78	1370.19	1370.19
1409.11	77.5	1348.16	1348.16
1409.61	77	1363.39	1363.39
1410.11	76.5	1366.03	1366.03
1410.61	76	1329.09	1329.09
1411.11	75.5	1359.04	1359.04
1411.61	75	1374.34	1374.34
1412.11	74.5	1402.77	1402.77
1412.61	74	1377.15	1377.15
1413.11	73.5	1373.68	1373.68
1413.61	73	1343.29	1343.29
1414.11	72.5	1348.19	1348.19
1414.61	72	1401.66	1401.66
1415.11	71.5	1364.91	1364.91
1415.61	71	1397.91	1397.91
1416.11	70.5	1425.51	1425.51
1416.61	70	1451.94	1451.94
1417.11	69.5	1491.06	1491.06
1417.61	69	1498.87	1498.87
1418.11	68.5	1567.74	1567.74
1418.61	68	1568.63	1568.63
1419.11	67.5	1607.2	1607.2
1419.61	67	1660.57	1660.57
1420.11	66.5	1714.86	1714.86
1420.61	66	1756.6	1756.6
1421.11	65.5	1806.95	1806.95
1421.61	65	1861.55	1861.55
1422.11	64.5	1890.94	1890.94
1422.61	64	1905.17	1905.17
1423.11	63.5	1928.59	1928.59
1423.61	63	1982.76	1982.76
1424.11	62.5	1984.71	1984.71
1424.61	62	2011.71	2011.71
1425.11	61.5	2028.36	2028.36
1425.61	61	2062.62	2062.62
1426.11	60.5	2091.75	2091.75
1426.61	60	2117.48	2117.48
1427.11	59.5	2153.39	2153.39
1427.61	59	2130.24	2130.24
1428.11	58.5	2136.66	2136.66
1428.61	58	2153.77	2153.77
1429.11	57.5	2075.78	2075.78
1429.61	57	2020.78	2020.78
1430.11	56.5	1941.7	1941.7
1430.61	56	1807.92	1807.92
1431.11	55.5	1691.66	1691.66
1431.61	55	1590.32	1590.32
1432.11	54.5	1456.83	1456.83
1432.61	54	1357.2	1357.2
1433.11	53.5	1228.97	1228.97
1433.61	53	1165.77	1165.77
1434.11	52.5	1065.53	1065.53
1434.61	52	1006.66	1006.66
1435.11	51.5	979.685	979.685
1435.61	51	937.174	937.174
1436.11	50.5	886.352	886.352
1436.61	50	831.752	831.752
1437.11	49.5	788.222	788.222
1437.61	49	774.441	774.441
1438.11	48.5	787.237	787.237
1438.61	48	743.426	743.426
1439.11	47.5	726.215	726.215
1439.61	47	687.456	687.456
1440.11	46.5	687.915	687.915
1440.61	46	684.57	684.57
1441.11	45.5	682.396	682.396
1441.61	45	661.885	661.885
1442.11	44.5	654.756	654.756
1442.61	44	673.333	673.333
1443.11	43.5	643.196	643.196
1443.61	43	651.822	651.822
1444.11	42.5	653.17	653.17
1444.61	42	661.907	661.907
1445.11	41.5	676.83	676.83
1445.61	41	683.952	683.952
1446.11	40.5	645.189	645.189
1446.61	40	667.633	667.633
1447.11	39.5	662.233	662.233
1447.61	39	679.548	679.548
1448.11	38.5	685.837	685.837
1448.61	38	704.307	704.307
1449.11	37.5	670.674	670.674
1449.61	37	663.152	663.152
1450.11	36.5	676.052	676.052
1450.61	36	687.367	687.367
1451.11	35.5	690.985	690.985
1451.61	35	718.789	718.789
1452.11	34.5	684.141	684.141
1452.61	34	700.074	700.074
1453.11	33.5	701.374	701.374
1453.61	33	704.819	704.819
1454.11	32.5	712.444	712.444
1454.61	32	748.067	748.067
1455.11	31.5	731.874	731.874
1455.61	31	751.47	751.47
1456.11	30.5	760.152	760.152
1456.61	30	757.17	757.17
1457.11	29.5	754.267	754.267
1457.61	29	757.352	757.352
1458.11	28.5	779.23	779.23
1458.61	28	793.759	793.759
1459.11	27.5	804.993	804.993
1459.61	27	768.522	768.522
1460.11	26.5	761.133	761.133
1460.61	26	781.567	781.567
1461.11	25.5	764.093	764.093
1461.61	25	683.178	683.178
1462.11	24.5	614.496	614.496
1462.61	24	602.085	602.085
1463.11	23.5	612.981	612.981
1463.61	23	595.144	595.144
1464.11	22.5	592.711	592.711
1464.61	22	580.367	580.367
1465.11	21.5	609.059	609.059
1465.61	21	631.885	631.885
1466.11	20.5	639.022	639.022
1466.61	20	558.244	558.244
1467.11	19.5	555.181	555.181
1467.61	19	538.841	538.841
1468.11	18.5	557.03	557.03
1468.61	18	566.4	566.4
1469.11	17.5	562.522	562.522
1469.61	17	590.822	590.822
1470.11	16.5	573.359	573.359
1470.61	16	571.985	571.985
1471.11	15.5	559.874	559.874
1471.61	15	565.241	565.241
1472.11	14.5	560.393	560.393
1472.61	14	583.878	583.878
1473.11	13.5	588.663	588.663
1473.61	13	589.826	589.826
1474.11	12.5	586.167	586.167
1474.61	12	560.385	560.385
1475.11	11.5	555.03	555.03
1475.61	11	563.878	563.878
1476.11	10.5	591.319	591.319
1476.61	10	610.941	610.941
1477.11	9.5	625.67	625.67
1477.61	9	639.037	639.037
1478.11	8.5	714.219	714.219
1478.61	8	924.267	924.267
1479.11	7.5	1708.16	1708.16
1479.61	7	3201.66	3201.66
1480.11	6.5	3971.78	3971.78
1480.61	6	4054.52	4054.52
1481.11	5.5	4344.59	4344.59
1481.61	5	4840.96	4840.96
1482.11	4.5	4855.44	4855.44
1482.61	4	3501.91	3501.91
1483.11	3.5	961.322	961.322
1483.61	3	298.33	298.33
1484.11	2.5	251.004	251.004
1484.61	2	243.481	243.481
1485.11	1.5	227.702	227.702
1485.61	1	220.893	220.893
1486.11	0.5	204.106	204.106
1486.61	-2.27374e-013	114.951	114.951