c:\users\mark\owncloud\muelheim group\projects\gas phase background\ex340_cec356_ag he arm22.vms
Survey
	Characteristic Energy eV	1486.61	Acquisition Time s	0.9
KE_Survey	BE_Survey	CPS_Survey	Background_Survey
286.61	1200	9154.59	9154.59
287.11	1199.5	9231.64	9231.64
287.61	1199	9347.63	9347.63
288.11	1198.5	9409.28	9409.28
288.61	1198	9374.27	9374.27
289.11	1197.5	9401.3	9401.3
289.61	1197	9346.54	9346.54
290.11	1196.5	9270.29	9270.29
290.61	1196	9417.52	9417.52
291.11	1195.5	9291.17	9291.17
291.61	1195	9511.81	9511.81
292.11	1194.5	9433.04	9433.04
292.61	1194	9417.99	9417.99
293.11	1193.5	9596.26	9596.26
293.61	1193	9502.34	9502.34
294.11	1192.5	9552.11	9552.11
294.61	1192	9518.83	9518.83
295.11	1191.5	9488.71	9488.71
295.61	1191	9574.73	9574.73
296.11	1190.5	9471.12	9471.12
296.61	1190	9359.91	9359.91
297.11	1189.5	9503.76	9503.76
297.61	1189	9481.5	9481.5
298.11	1188.5	9389.06	9389.06
298.61	1188	9445.82	9445.82
299.11	1187.5	9206.98	9206.98
299.61	1187	9078.19	9078.19
300.11	1186.5	9000.16	9000.16
300.61	1186	8980	8980
301.11	1185.5	8962.94	8962.94
301.61	1185	8947.91	8947.91
302.11	1184.5	8761.74	8761.74
302.61	1184	8725.61	8725.61
303.11	1183.5	8676.42	8676.42
303.61	1183	8511.62	8511.62
304.11	1182.5	8200.66	8200.66
304.61	1182	8036.04	8036.04
305.11	1181.5	7985.04	7985.04
305.61	1181	7841.04	7841.04
306.11	1180.5	7764.43	7764.43
306.61	1180	7585.52	7585.52
307.11	1179.5	7395.18	7395.18
307.61	1179	7233.82	7233.82
308.11	1178.5	7201.94	7201.94
308.61	1178	7079.48	7079.48
309.11	1177.5	7008.06	7008.06
309.61	1177	6861.42	6861.42
310.11	1176.5	6759.04	6759.04
310.61	1176	6713.61	6713.61
311.11	1175.5	6561.74	6561.74
311.61	1175	6627.9	6627.9
312.11	1174.5	6548.83	6548.83
312.61	1174	6475.31	6475.31
313.11	1173.5	6452.76	6452.76
313.61	1173	6281.52	6281.52
314.11	1172.5	6489.61	6489.61
314.61	1172	6487.69	6487.69
315.11	1171.5	6445.59	6445.59
315.61	1171	6295.34	6295.34
316.11	1170.5	6222.93	6222.93
316.61	1170	6278.54	6278.54
317.11	1169.5	6271.48	6271.48
317.61	1169	6328.83	6328.83
318.11	1168.5	6329.41	6329.41
318.61	1168	6272.11	6272.11
319.11	1167.5	6347.93	6347.93
319.61	1167	6219.27	6219.27
320.11	1166.5	6197.58	6197.58
320.61	1166	6169.51	6169.51
321.11	1165.5	6187.86	6187.86
321.61	1165	6150.96	6150.96
322.11	1164.5	6359.84	6359.84
322.61	1164	6307.89	6307.89
323.11	1163.5	6237.27	6237.27
323.61	1163	6304.12	6304.12
324.11	1162.5	6341.06	6341.06
324.61	1162	6395.08	6395.08
325.11	1161.5	6512.46	6512.46
325.61	1161	6387.64	6387.64
326.11	1160.5	6400.24	6400.24
326.61	1160	6437.01	6437.01
327.11	1159.5	6392.72	6392.72
327.61	1159	6543.71	6543.71
328.11	1158.5	6426.7	6426.7
328.61	1158	6525.87	6525.87
329.11	1157.5	6510.96	6510.96
329.61	1157	6611.47	6611.47
330.11	1156.5	6497.69	6497.69
330.61	1156	6576.43	6576.43
331.11	1155.5	6463.29	6463.29
331.61	1155	6436.92	6436.92
332.11	1154.5	6558.06	6558.06
332.61	1154	6581.13	6581.13
333.11	1153.5	6693.9	6693.9
333.61	1153	6664.52	6664.52
334.11	1152.5	6531.81	6531.81
334.61	1152	6556	6556
335.11	1151.5	6644.52	6644.52
335.61	1151	6689.29	6689.29
336.11	1150.5	6753.68	6753.68
336.61	1150	6699.19	6699.19
337.11	1149.5	6663.58	6663.58
337.61	1149	6691.63	6691.63
338.11	1148.5	6702.97	6702.97
338.61	1148	6879.66	6879.66
339.11	1147.5	6895.11	6895.11
339.61	1147	6828.59	6828.59
340.11	1146.5	6863.12	6863.12
340.61	1146	6840.59	6840.59
341.11	1145.5	6884.92	6884.92
341.61	1145	7021.21	7021.21
342.11	1144.5	7076.18	7076.18
342.61	1144	6972.3	6972.3
343.11	1143.5	7138.28	7138.28
343.61	1143	7419.32	7419.32
344.11	1142.5	7495.58	7495.58
344.61	1142	7522.93	7522.93
345.11	1141.5	7724.3	7724.3
345.61	1141	7771.76	7771.76
346.11	1140.5	7994.74	7994.74
346.61	1140	7960.89	7960.89
347.11	1139.5	8278.99	8278.99
347.61	1139	8599.99	8599.99
348.11	1138.5	9055.02	9055.02
348.61	1138	9504.24	9504.24
349.11	1137.5	9515.07	9515.07
349.61	1137	9506.84	9506.84
350.11	1136.5	9855.36	9855.36
350.61	1136	10336.5	10336.5
351.11	1135.5	12286	12286
351.61	1135	14900.6	14900.6
352.11	1134.5	15258.7	15258.7
352.61	1134	14087	14087
353.11	1133.5	13449.2	13449.2
353.61	1133	12708.7	12708.7
354.11	1132.5	11544.9	11544.9
354.61	1132	10578.9	10578.9
355.11	1131.5	9824.42	9824.42
355.61	1131	9213.43	9213.43
356.11	1130.5	9118.72	9118.72
356.61	1130	9203.68	9203.68
357.11	1129.5	10150.7	10150.7
357.61	1129	12755.3	12755.3
358.11	1128.5	12526.7	12526.7
358.61	1128	10080.6	10080.6
359.11	1127.5	8636.18	8636.18
359.61	1127	7537.14	7537.14
360.11	1126.5	6499.22	6499.22
360.61	1126	5940.19	5940.19
361.11	1125.5	5772.06	5772.06
361.61	1125	5632.36	5632.36
362.11	1124.5	5545.77	5545.77
362.61	1124	5464.08	5464.08
363.11	1123.5	5267.26	5267.26
363.61	1123	5257.48	5257.48
364.11	1122.5	5138.81	5138.81
364.61	1122	5025.47	5025.47
365.11	1121.5	4955.72	4955.72
365.61	1121	4826.58	4826.58
366.11	1120.5	4753.12	4753.12
366.61	1120	4624.29	4624.29
367.11	1119.5	4516.38	4516.38
367.61	1119	4523.84	4523.84
368.11	1118.5	4550.06	4550.06
368.61	1118	4543.9	4543.9
369.11	1117.5	4436.63	4436.63
369.61	1117	4504.56	4504.56
370.11	1116.5	4338.92	4338.92
370.61	1116	4449.89	4449.89
371.11	1115.5	4362.46	4362.46
371.61	1115	4360.29	4360.29
372.11	1114.5	4331.16	4331.16
372.61	1114	4339.06	4339.06
373.11	1113.5	4343	4343
373.61	1113	4388.57	4388.57
374.11	1112.5	4282.41	4282.41
374.61	1112	4231.62	4231.62
375.11	1111.5	4342.58	4342.58
375.61	1111	4375.56	4375.56
376.11	1110.5	4302.89	4302.89
376.61	1110	4284.14	4284.14
377.11	1109.5	4364.22	4364.22
377.61	1109	4267.59	4267.59
378.11	1108.5	4295.87	4295.87
378.61	1108	4255.06	4255.06
379.11	1107.5	4223.2	4223.2
379.61	1107	4342.71	4342.71
380.11	1106.5	4357.2	4357.2
380.61	1106	4309.96	4309.96
381.11	1105.5	4298.37	4298.37
381.61	1105	4310.4	4310.4
382.11	1104.5	4334.69	4334.69
382.61	1104	4321.56	4321.56
383.11	1103.5	4339.5	4339.5
383.61	1103	4333.44	4333.44
384.11	1102.5	4440.33	4440.33
384.61	1102	4375.48	4375.48
385.11	1101.5	4346.63	4346.63
385.61	1101	4324.53	4324.53
386.11	1100.5	4361.66	4361.66
386.61	1100	4298.4	4298.4
387.11	1099.5	4292.7	4292.7
387.61	1099	4317.63	4317.63
388.11	1098.5	4360.09	4360.09
388.61	1098	4459.47	4459.47
389.11	1097.5	4389.26	4389.26
389.61	1097	4534.31	4534.31
390.11	1096.5	4369.84	4369.84
390.61	1096	4365.07	4365.07
391.11	1095.5	4259.88	4259.88
391.61	1095	4259.1	4259.1
392.11	1094.5	4336.58	4336.58
392.61	1094	4337.76	4337.76
393.11	1093.5	4436.69	4436.69
393.61	1093	4440.97	4440.97
394.11	1092.5	4410.88	4410.88
394.61	1092	4452.53	4452.53
395.11	1091.5	4335.31	4335.31
395.61	1091	4379.62	4379.62
396.11	1090.5	4467.07	4467.07
396.61	1090	4497.64	4497.64
397.11	1089.5	4506.69	4506.69
397.61	1089	4423.16	4423.16
398.11	1088.5	4465.34	4465.34
398.61	1088	4344.46	4344.46
399.11	1087.5	4522.18	4522.18
399.61	1087	4515	4515
400.11	1086.5	4539.36	4539.36
400.61	1086	4436.52	4436.52
401.11	1085.5	4477.37	4477.37
401.61	1085	4513	4513
402.11	1084.5	4505.94	4505.94
402.61	1084	4474.14	4474.14
403.11	1083.5	4418.87	4418.87
403.61	1083	4547.72	4547.72
404.11	1082.5	4396.58	4396.58
404.61	1082	4561.13	4561.13
405.11	1081.5	4506.58	4506.58
405.61	1081	4530.4	4530.4
406.11	1080.5	4478.99	4478.99
406.61	1080	4571.03	4571.03
407.11	1079.5	4493.72	4493.72
407.61	1079	4474.41	4474.41
408.11	1078.5	4541.43	4541.43
408.61	1078	4577.32	4577.32
409.11	1077.5	4696.01	4696.01
409.61	1077	4586.33	4586.33
410.11	1076.5	4560.79	4560.79
410.61	1076	4414.83	4414.83
411.11	1075.5	4615.5	4615.5
411.61	1075	4511.22	4511.22
412.11	1074.5	4578.92	4578.92
412.61	1074	4592.21	4592.21
413.11	1073.5	4649.06	4649.06
413.61	1073	4540.62	4540.62
414.11	1072.5	4575.01	4575.01
414.61	1072	4630.12	4630.12
415.11	1071.5	4628.21	4628.21
415.61	1071	4629.4	4629.4
416.11	1070.5	4635.2	4635.2
416.61	1070	4691.63	4691.63
417.11	1069.5	4743.31	4743.31
417.61	1069	4664.4	4664.4
418.11	1068.5	4625.52	4625.52
418.61	1068	4621.3	4621.3
419.11	1067.5	4595.03	4595.03
419.61	1067	4529.04	4529.04
420.11	1066.5	4603.88	4603.88
420.61	1066	4556.06	4556.06
421.11	1065.5	4663.28	4663.28
421.61	1065	4752.74	4752.74
422.11	1064.5	4675.66	4675.66
422.61	1064	4659.52	4659.52
423.11	1063.5	4761.61	4761.61
423.61	1063	4607.33	4607.33
424.11	1062.5	4636.09	4636.09
424.61	1062	4656.96	4656.96
425.11	1061.5	4810.57	4810.57
425.61	1061	4808.19	4808.19
426.11	1060.5	4726.4	4726.4
426.61	1060	4636.2	4636.2
427.11	1059.5	4813.78	4813.78
427.61	1059	4816.87	4816.87
428.11	1058.5	4752.77	4752.77
428.61	1058	4734.53	4734.53
429.11	1057.5	4724.86	4724.86
429.61	1057	4802.09	4802.09
430.11	1056.5	4717.21	4717.21
430.61	1056	4844.29	4844.29
431.11	1055.5	4663.62	4663.62
431.61	1055	4678.59	4678.59
432.11	1054.5	4749.01	4749.01
432.61	1054	4669.79	4669.79
433.11	1053.5	4730.81	4730.81
433.61	1053	4742.26	4742.26
434.11	1052.5	4785.46	4785.46
434.61	1052	4774.42	4774.42
435.11	1051.5	4797.21	4797.21
435.61	1051	4806.29	4806.29
436.11	1050.5	4846.16	4846.16
436.61	1050	4727.42	4727.42
437.11	1049.5	4800.83	4800.83
437.61	1049	4803	4803
438.11	1048.5	4881.64	4881.64
438.61	1048	4794.37	4794.37
439.11	1047.5	4835.31	4835.31
439.61	1047	4789.52	4789.52
440.11	1046.5	4874.3	4874.3
440.61	1046	4877.42	4877.42
441.11	1045.5	4915.13	4915.13
441.61	1045	4852.07	4852.07
442.11	1044.5	4849.6	4849.6
442.61	1044	4825.29	4825.29
443.11	1043.5	4857.67	4857.67
443.61	1043	4834.98	4834.98
444.11	1042.5	4817.7	4817.7
444.61	1042	4858.39	4858.39
445.11	1041.5	4732.67	4732.67
445.61	1041	4721.3	4721.3
446.11	1040.5	4959.8	4959.8
446.61	1040	4900.23	4900.23
447.11	1039.5	4814.97	4814.97
447.61	1039	4864.82	4864.82
448.11	1038.5	4903.84	4903.84
448.61	1038	4927.33	4927.33
449.11	1037.5	4943.86	4943.86
449.61	1037	4923.19	4923.19
450.11	1036.5	4951.11	4951.11
450.61	1036	4859.12	4859.12
451.11	1035.5	4949.61	4949.61
451.61	1035	4924.27	4924.27
452.11	1034.5	4922.48	4922.48
452.61	1034	4849.36	4849.36
453.11	1033.5	4938.92	4938.92
453.61	1033	4846.89	4846.89
454.11	1032.5	4948.86	4948.86
454.61	1032	4837.37	4837.37
455.11	1031.5	4804.63	4804.63
455.61	1031	4934.37	4934.37
456.11	1030.5	4864.62	4864.62
456.61	1030	4837.86	4837.86
457.11	1029.5	4833.36	4833.36
457.61	1029	4944.78	4944.78
458.11	1028.5	4994.17	4994.17
458.61	1028	4924.3	4924.3
459.11	1027.5	4906.02	4906.02
459.61	1027	4985.57	4985.57
460.11	1026.5	4839.66	4839.66
460.61	1026	4864.46	4864.46
461.11	1025.5	4877.39	4877.39
461.61	1025	4917.6	4917.6
462.11	1024.5	5007.74	5007.74
462.61	1024	5032.54	5032.54
463.11	1023.5	4915.92	4915.92
463.61	1023	4840.72	4840.72
464.11	1022.5	4899.79	4899.79
464.61	1022	4989.71	4989.71
465.11	1021.5	5025.61	5025.61
465.61	1021	5065.43	5065.43
466.11	1020.5	4935.98	4935.98
466.61	1020	4961.84	4961.84
467.11	1019.5	5023.33	5023.33
467.61	1019	5052.41	5052.41
468.11	1018.5	5003.31	5003.31
468.61	1018	4882.38	4882.38
469.11	1017.5	4907.47	4907.47
469.61	1017	4819.8	4819.8
470.11	1016.5	4890.43	4890.43
470.61	1016	4956.87	4956.87
471.11	1015.5	5008.2	5008.2
471.61	1015	4952.5	4952.5
472.11	1014.5	4902.42	4902.42
472.61	1014	5048.26	5048.26
473.11	1013.5	4998.72	4998.72
473.61	1013	5092.56	5092.56
474.11	1012.5	5046	5046
474.61	1012	5058.41	5058.41
475.11	1011.5	4884.11	4884.11
475.61	1011	4968.02	4968.02
476.11	1010.5	5151.4	5151.4
476.61	1010	5073.2	5073.2
477.11	1009.5	5107.71	5107.71
477.61	1009	4946.4	4946.4
478.11	1008.5	5024.81	5024.81
478.61	1008	5059.03	5059.03
479.11	1007.5	5045.54	5045.54
479.61	1007	5105.29	5105.29
480.11	1006.5	4985.63	4985.63
480.61	1006	4932.79	4932.79
481.11	1005.5	4991.49	4991.49
481.61	1005	4973.08	4973.08
482.11	1004.5	5011.64	5011.64
482.61	1004	5107.12	5107.12
483.11	1003.5	5057.16	5057.16
483.61	1003	5067.42	5067.42
484.11	1002.5	5020.74	5020.74
484.61	1002	5055.64	5055.64
485.11	1001.5	5124.84	5124.84
485.61	1001	5058.88	5058.88
486.11	1000.5	5144.96	5144.96
486.61	1000	4990.12	4990.12
487.11	999.5	5049.81	5049.81
487.61	999	5037.41	5037.41
488.11	998.5	5158.02	5158.02
488.61	998	5164.04	5164.04
489.11	997.5	5223.91	5223.91
489.61	997	5177.29	5177.29
490.11	996.5	5113.26	5113.26
490.61	996	5130.52	5130.52
491.11	995.5	5065.78	5065.78
491.61	995	5176.69	5176.69
492.11	994.5	5086.26	5086.26
492.61	994	5089.97	5089.97
493.11	993.5	5247.73	5247.73
493.61	993	5186.3	5186.3
494.11	992.5	5109.9	5109.9
494.61	992	5199.3	5199.3
495.11	991.5	5190.08	5190.08
495.61	991	5199.27	5199.27
496.11	990.5	5216.12	5216.12
496.61	990	5136.18	5136.18
497.11	989.5	5170.49	5170.49
497.61	989	5196.43	5196.43
498.11	988.5	5209.7	5209.7
498.61	988	5248.72	5248.72
499.11	987.5	5234.58	5234.58
499.61	987	5199.69	5199.69
500.11	986.5	5244.67	5244.67
500.61	986	5243.02	5243.02
501.11	985.5	5226.81	5226.81
501.61	985	5276.61	5276.61
502.11	984.5	5289.24	5289.24
502.61	984	5240.99	5240.99
503.11	983.5	5142.9	5142.9
503.61	983	5195	5195
504.11	982.5	5217.14	5217.14
504.61	982	5321.59	5321.59
505.11	981.5	5253.51	5253.51
505.61	981	5330.73	5330.73
506.11	980.5	5241.28	5241.28
506.61	980	5244.57	5244.57
507.11	979.5	5284.62	5284.62
507.61	979	5186.1	5186.1
508.11	978.5	5284.13	5284.13
508.61	978	5167.97	5167.97
509.11	977.5	5200.22	5200.22
509.61	977	5211.3	5211.3
510.11	976.5	5323.99	5323.99
510.61	976	5130.99	5130.99
511.11	975.5	5175.36	5175.36
511.61	975	5289.49	5289.49
512.11	974.5	5283.11	5283.11
512.61	974	5234.43	5234.43
513.11	973.5	5317.69	5317.69
513.61	973	5257.6	5257.6
514.11	972.5	5247.36	5247.36
514.61	972	5281.57	5281.57
515.11	971.5	5262.51	5262.51
515.61	971	5207.98	5207.98
516.11	970.5	5318.14	5318.14
516.61	970	5359.82	5359.82
517.11	969.5	5213.99	5213.99
517.61	969	5217.6	5217.6
518.11	968.5	5193.76	5193.76
518.61	968	5241.97	5241.97
519.11	967.5	5228.96	5228.96
519.61	967	5123.59	5123.59
520.11	966.5	5179.52	5179.52
520.61	966	5108.4	5108.4
521.11	965.5	5238.79	5238.79
521.61	965	5222.14	5222.14
522.11	964.5	5208.51	5208.51
522.61	964	5225.06	5225.06
523.11	963.5	5234.4	5234.4
523.61	963	5265.29	5265.29
524.11	962.5	5095.59	5095.59
524.61	962	5180.47	5180.47
525.11	961.5	5247.03	5247.03
525.61	961	5304.91	5304.91
526.11	960.5	5315.79	5315.79
526.61	960	5321.93	5321.93
527.11	959.5	5316.71	5316.71
527.61	959	5272.02	5272.02
528.11	958.5	5304.33	5304.33
528.61	958	5126.82	5126.82
529.11	957.5	5175.14	5175.14
529.61	957	5188.36	5188.36
530.11	956.5	5336.96	5336.96
530.61	956	5348.16	5348.16
531.11	955.5	5271.03	5271.03
531.61	955	5273.26	5273.26
532.11	954.5	5232.29	5232.29
532.61	954	5157.01	5157.01
533.11	953.5	5284.16	5284.16
533.61	953	5358.69	5358.69
534.11	952.5	5319.84	5319.84
534.61	952	5222.49	5222.49
535.11	951.5	5282.63	5282.63
535.61	951	5327.44	5327.44
536.11	950.5	5322.84	5322.84
536.61	950	5328.84	5328.84
537.11	949.5	5273.24	5273.24
537.61	949	5194.11	5194.11
538.11	948.5	5341.39	5341.39
538.61	948	5328.58	5328.58
539.11	947.5	5321.76	5321.76
539.61	947	5256.62	5256.62
540.11	946.5	5292.43	5292.43
540.61	946	5269.08	5269.08
541.11	945.5	5263.3	5263.3
541.61	945	5241.5	5241.5
542.11	944.5	5224.74	5224.74
542.61	944	5356.13	5356.13
543.11	943.5	5281.62	5281.62
543.61	943	5333.87	5333.87
544.11	942.5	5323.61	5323.61
544.61	942	5277.78	5277.78
545.11	941.5	5320.34	5320.34
545.61	941	5329.46	5329.46
546.11	940.5	5261.1	5261.1
546.61	940	5316.92	5316.92
547.11	939.5	5361.56	5361.56
547.61	939	5503.87	5503.87
548.11	938.5	5356.74	5356.74
548.61	938	5359.33	5359.33
549.11	937.5	5334.01	5334.01
549.61	937	5260.56	5260.56
550.11	936.5	5372.01	5372.01
550.61	936	5383	5383
551.11	935.5	5392.39	5392.39
551.61	935	5423.04	5423.04
552.11	934.5	5325.37	5325.37
552.61	934	5206.09	5206.09
553.11	933.5	5428.61	5428.61
553.61	933	5349.26	5349.26
554.11	932.5	5358.09	5358.09
554.61	932	5377.2	5377.2
555.11	931.5	5341.76	5341.76
555.61	931	5435.19	5435.19
556.11	930.5	5402.23	5402.23
556.61	930	5437.99	5437.99
557.11	929.5	5385.02	5385.02
557.61	929	5347.5	5347.5
558.11	928.5	5443.5	5443.5
558.61	928	5426.73	5426.73
559.11	927.5	5452.4	5452.4
559.61	927	5525.9	5525.9
560.11	926.5	5417.18	5417.18
560.61	926	5343.03	5343.03
561.11	925.5	5443.59	5443.59
561.61	925	5476.29	5476.29
562.11	924.5	5426.78	5426.78
562.61	924	5494.59	5494.59
563.11	923.5	5394.67	5394.67
563.61	923	5375.9	5375.9
564.11	922.5	5469.43	5469.43
564.61	922	5439.93	5439.93
565.11	921.5	5453.92	5453.92
565.61	921	5444.42	5444.42
566.11	920.5	5548.14	5548.14
566.61	920	5501.33	5501.33
567.11	919.5	5425.14	5425.14
567.61	919	5374.94	5374.94
568.11	918.5	5514.21	5514.21
568.61	918	5466.83	5466.83
569.11	917.5	5479.98	5479.98
569.61	917	5480.99	5480.99
570.11	916.5	5488.14	5488.14
570.61	916	5498.93	5498.93
571.11	915.5	5536.59	5536.59
571.61	915	5533.03	5533.03
572.11	914.5	5543.5	5543.5
572.61	914	5461.4	5461.4
573.11	913.5	5467.3	5467.3
573.61	913	5598.83	5598.83
574.11	912.5	5557.04	5557.04
574.61	912	5535.32	5535.32
575.11	911.5	5482.89	5482.89
575.61	911	5451.52	5451.52
576.11	910.5	5507.76	5507.76
576.61	910	5539.8	5539.8
577.11	909.5	5613.82	5613.82
577.61	909	5598.87	5598.87
578.11	908.5	5571.34	5571.34
578.61	908	5568.8	5568.8
579.11	907.5	5669.58	5669.58
579.61	907	5758.73	5758.73
580.11	906.5	5635.42	5635.42
580.61	906	5710.21	5710.21
581.11	905.5	5633	5633
581.61	905	5599.53	5599.53
582.11	904.5	5603.99	5603.99
582.61	904	5695.04	5695.04
583.11	903.5	5583.97	5583.97
583.61	903	5635.68	5635.68
584.11	902.5	5574.72	5574.72
584.61	902	5653.68	5653.68
585.11	901.5	5730.06	5730.06
585.61	901	5650.53	5650.53
586.11	900.5	5700.42	5700.42
586.61	900	5639.26	5639.26
587.11	899.5	5747.89	5747.89
587.61	899	5673.79	5673.79
588.11	898.5	5773.04	5773.04
588.61	898	5714.16	5714.16
589.11	897.5	5649.16	5649.16
589.61	897	5657.61	5657.61
590.11	896.5	5704.5	5704.5
590.61	896	5732.2	5732.2
591.11	895.5	5585.14	5585.14
591.61	895	5665.27	5665.27
592.11	894.5	5662.59	5662.59
592.61	894	5674.12	5674.12
593.11	893.5	5815.2	5815.2
593.61	893	5794.43	5794.43
594.11	892.5	5699.58	5699.58
594.61	892	5661.54	5661.54
595.11	891.5	5834.98	5834.98
595.61	891	5832.54	5832.54
596.11	890.5	5841.27	5841.27
596.61	890	5762.38	5762.38
597.11	889.5	5694.96	5694.96
597.61	889	5716.43	5716.43
598.11	888.5	5792.42	5792.42
598.61	888	5755.6	5755.6
599.11	887.5	5746.69	5746.69
599.61	887	5719	5719
600.11	886.5	5824	5824
600.61	886	5808.13	5808.13
601.11	885.5	5942.39	5942.39
601.61	885	5823.62	5823.62
602.11	884.5	5927.21	5927.21
602.61	884	5874.71	5874.71
603.11	883.5	5781.23	5781.23
603.61	883	5871.31	5871.31
604.11	882.5	5829.44	5829.44
604.61	882	5963.74	5963.74
605.11	881.5	5990.83	5990.83
605.61	881	5958.83	5958.83
606.11	880.5	6019.09	6019.09
606.61	880	6035.02	6035.02
607.11	879.5	5962.5	5962.5
607.61	879	5852.49	5852.49
608.11	878.5	5874.03	5874.03
608.61	878	5980.48	5980.48
609.11	877.5	6002.41	6002.41
609.61	877	6009.59	6009.59
610.11	876.5	5970.62	5970.62
610.61	876	5918.82	5918.82
611.11	875.5	5829.13	5829.13
611.61	875	5964.86	5964.86
612.11	874.5	6078.99	6078.99
612.61	874	6024.33	6024.33
613.11	873.5	6054.67	6054.67
613.61	873	5956.08	5956.08
614.11	872.5	5937.2	5937.2
614.61	872	6011.43	6011.43
615.11	871.5	5888.91	5888.91
615.61	871	5950.5	5950.5
616.11	870.5	6052.81	6052.81
616.61	870	6138.8	6138.8
617.11	869.5	6055.49	6055.49
617.61	869	6028.28	6028.28
618.11	868.5	6020.89	6020.89
618.61	868	6104.63	6104.63
619.11	867.5	6123.19	6123.19
619.61	867	6180.93	6180.93
620.11	866.5	6150.97	6150.97
620.61	866	6013.42	6013.42
621.11	865.5	6025.81	6025.81
621.61	865	6226.4	6226.4
622.11	864.5	6154.31	6154.31
622.61	864	6106.72	6106.72
623.11	863.5	6063.66	6063.66
623.61	863	6097.22	6097.22
624.11	862.5	6094.21	6094.21
624.61	862	6094.76	6094.76
625.11	861.5	5995.57	5995.57
625.61	861	6059.3	6059.3
626.11	860.5	6148.8	6148.8
626.61	860	6140.32	6140.32
627.11	859.5	6217.98	6217.98
627.61	859	6178.96	6178.96
628.11	858.5	6229.27	6229.27
628.61	858	6255.03	6255.03
629.11	857.5	6251.94	6251.94
629.61	857	6159.49	3945.8
630.11	856.5	6221.57	3949.08
630.61	856	6273.72	3952.37
631.11	855.5	6199	3955.65
631.61	855	6233.26	3958.94
632.11	854.5	6162.2	3962.22
632.61	854	6254.84	3965.51
633.11	853.5	6247.92	3968.79
633.61	853	6252.82	3972.08
634.11	852.5	6236.71	3975.36
634.61	852	6149.51	3978.65
635.11	851.5	6270.18	3981.93
635.61	851	6334.34	3985.22
636.11	850.5	6497.99	3988.51
636.61	850	6241.8	3991.79
637.11	849.5	6337.58	3995.08
637.61	849	6252.18	3998.37
638.11	848.5	6259.51	4001.66
638.61	848	6264.1	4004.95
639.11	847.5	6307.06	4008.24
639.61	847	6368.64	4011.53
640.11	846.5	6314.87	4014.82
640.61	846	6404.81	4018.11
641.11	845.5	6383.22	4021.4
641.61	845	6372.74	4024.7
642.11	844.5	6383.37	4027.99
642.61	844	6323.59	4031.28
643.11	843.5	6412.72	4034.58
643.61	843	6343.54	4037.88
644.11	842.5	6249.69	4041.18
644.61	842	6409.4	4044.47
645.11	841.5	6399	4047.77
645.61	841	6481.1	4051.07
646.11	840.5	6469.93	4054.38
646.61	840	6441.06	4057.68
647.11	839.5	6404.77	4060.98
647.61	839	6454.83	4064.29
648.11	838.5	6426.54	4067.59
648.61	838	6399.09	4070.9
649.11	837.5	6466.79	4074.21
649.61	837	6480.08	4077.52
650.11	836.5	6445.23	4080.83
650.61	836	6518.91	4084.15
651.11	835.5	6467.24	4087.46
651.61	835	6467.01	4090.77
652.11	834.5	6457.7	4094.09
652.61	834	6543.68	4097.41
653.11	833.5	6542.56	4100.73
653.61	833	6476.32	4104.05
654.11	832.5	6541.33	4107.38
654.61	832	6586.78	4110.7
655.11	831.5	6528.36	4114.03
655.61	831	6507.67	4117.36
656.11	830.5	6600.69	4120.69
656.61	830	6694.76	4124.02
657.11	829.5	6578.99	4127.35
657.61	829	6665.54	4130.69
658.11	828.5	6639.8	4134.02
658.61	828	6573.52	4137.36
659.11	827.5	6665.89	4140.7
659.61	827	6706.52	4144.05
660.11	826.5	6642.18	4147.39
660.61	826	6549.36	4150.74
661.11	825.5	6546.53	4154.09
661.61	825	6615.63	4157.44
662.11	824.5	6522.81	4160.79
662.61	824	6644.81	4164.15
663.11	823.5	6654.77	4167.51
663.61	823	6787.19	4170.87
664.11	822.5	6563.07	4174.23
664.61	822	6679.58	4177.6
665.11	821.5	6737.16	4180.96
665.61	821	6709.21	4184.33
666.11	820.5	6637.3	4187.7
666.61	820	6834.76	4191.08
667.11	819.5	6782.5	4194.45
667.61	819	6715	4197.83
668.11	818.5	6756.01	4201.22
668.61	818	6704.26	4204.6
669.11	817.5	6747.27	4207.99
669.61	817	6852.98	4211.38
670.11	816.5	6851.5	4214.77
670.61	816	6633.49	4218.16
671.11	815.5	6740.03	4221.56
671.61	815	6706.49	4224.96
672.11	814.5	6847.81	4228.36
672.61	814	6898.09	4231.77
673.11	813.5	6868.1	4235.18
673.61	813	6830.83	4238.59
674.11	812.5	6881.52	4242.01
674.61	812	6757.4	4245.42
675.11	811.5	6692.43	4248.84
675.61	811	6772.64	4252.27
676.11	810.5	6867.48	4255.69
676.61	810	7001.39	4259.12
677.11	809.5	6985.14	4262.56
677.61	809	6815.41	4265.99
678.11	808.5	6915.84	4269.43
678.61	808	6864.31	4272.88
679.11	807.5	6858.89	4276.32
679.61	807	6769.68	4279.77
680.11	806.5	6914.14	4283.22
680.61	806	6925.76	4286.68
681.11	805.5	6989.32	4290.14
681.61	805	6928.63	4293.6
682.11	804.5	7010.46	4297.07
682.61	804	7151.98	4300.54
683.11	803.5	7099.3	4304.01
683.61	803	7002.74	4307.49
684.11	802.5	6909.79	4310.97
684.61	802	6892.69	4314.45
685.11	801.5	6976.99	4317.94
685.61	801	7070.12	4321.43
686.11	800.5	7071.66	4324.93
686.61	800	6963.11	4328.43
687.11	799.5	7019.09	4331.93
687.61	799	7035.74	4335.43
688.11	798.5	7059.97	4338.94
688.61	798	7002.66	4342.46
689.11	797.5	7019.13	4345.98
689.61	797	7091.06	4349.5
690.11	796.5	7045.39	4353.03
690.61	796	7028.21	4356.56
691.11	795.5	7101.11	4360.09
691.61	795	7097.53	4363.63
692.11	794.5	7109.51	4367.17
692.61	794	7066.94	4370.72
693.11	793.5	7188.19	4374.27
693.61	793	7105.34	4377.82
694.11	792.5	7109.5	4381.38
694.61	792	7165.79	4384.95
695.11	791.5	7183.27	4388.52
695.61	791	7291.92	4392.09
696.11	790.5	7238.47	4395.67
696.61	790	7217.58	4399.25
697.11	789.5	7170.19	4402.83
697.61	789	7274.07	4406.42
698.11	788.5	7265.46	4410.02
698.61	788	7335.66	4413.62
699.11	787.5	7202.06	4417.22
699.61	787	7343.28	4420.83
700.11	786.5	7081.44	4424.44
700.61	786	7332.36	4428.06
701.11	785.5	7204.34	4431.68
701.61	785	7187.63	4435.31
702.11	784.5	7224.54	4438.94
702.61	784	7336.72	4442.58
703.11	783.5	7333.17	4446.22
703.61	783	7355.71	4449.87
704.11	782.5	7284.37	4453.52
704.61	782	7296.64	4457.18
705.11	781.5	7428.13	4460.84
705.61	781	7320.72	4464.51
706.11	780.5	7449.73	4468.18
706.61	780	7368.89	4471.86
707.11	779.5	7454.88	4475.54
707.61	779	7426.09	4479.22
708.11	778.5	7309.88	4482.92
708.61	778	7428.24	4486.61
709.11	777.5	7385.83	4490.31
709.61	777	7343.5	4494.02
710.11	776.5	7564.43	4497.73
710.61	776	7499.66	4501.44
711.11	775.5	7538.52	4505.16
711.61	775	7384.82	4508.89
712.11	774.5	7516.91	4512.61
712.61	774	7454.54	4516.35
713.11	773.5	7658.6	4520.08
713.61	773	7448.59	4523.83
714.11	772.5	7435.7	4527.57
714.61	772	7501.52	4531.32
715.11	771.5	7441.8	4535.08
715.61	771	7513.07	4538.84
716.11	770.5	7495.21	4542.6
716.61	770	7469.03	4546.37
717.11	769.5	7474.1	4550.14
717.61	769	7565.88	4553.91
718.11	768.5	7683.24	4557.69
718.61	768	7590.82	4561.47
719.11	767.5	7607.46	4565.26
719.61	767	7785.3	4569.05
720.11	766.5	7710.63	4572.84
720.61	766	7697.9	4576.64
721.11	765.5	7528	4580.44
721.61	765	7562.98	4584.25
722.11	764.5	7669.32	4588.06
722.61	764	7650.83	4591.87
723.11	763.5	7657.07	4595.69
723.61	763	7734.44	4599.51
724.11	762.5	7648.89	4603.33
724.61	762	7710.07	4607.16
725.11	761.5	7745.23	4610.99
725.61	761	7622.86	4614.82
726.11	760.5	7716.2	4618.66
726.61	760	7633.39	4622.5
727.11	759.5	7634.67	4626.34
727.61	759	7596.96	4630.18
728.11	758.5	7748.12	4634.03
728.61	758	7789.97	4637.89
729.11	757.5	7935.94	4641.74
729.61	757	7781.87	4645.6
730.11	756.5	7895.31	4649.46
730.61	756	7911.1	4653.32
731.11	755.5	7690.32	4657.19
731.61	755	7785.78	4661.06
732.11	754.5	7916.92	4664.93
732.61	754	7881.4	4668.81
733.11	753.5	7810.83	4672.69
733.61	753	7794.18	4676.57
734.11	752.5	7855.43	4680.45
734.61	752	7976.63	4684.34
735.11	751.5	7979.66	4688.22
735.61	751	7998.21	4692.11
736.11	750.5	7922.73	4696.01
736.61	750	8003.22	4699.9
737.11	749.5	8048.37	4703.8
737.61	749	8051.54	4707.7
738.11	748.5	7996.11	4711.6
738.61	748	8083.52	4715.51
739.11	747.5	7992.47	4719.41
739.61	747	7962.42	4723.32
740.11	746.5	7896.58	4727.23
740.61	746	7948.61	4731.15
741.11	745.5	8129.84	4735.06
741.61	745	8009.79	4738.98
742.11	744.5	7984.72	4742.9
742.61	744	8018.07	4746.82
743.11	743.5	8078.51	4750.74
743.61	743	8138.34	4754.67
744.11	742.5	8124.51	4758.59
744.61	742	8208.06	4762.52
745.11	741.5	8149.69	4766.45
745.61	741	8218.48	4770.38
746.11	740.5	8050.97	4774.31
746.61	740	8155.71	4778.25
747.11	739.5	8321.54	4782.18
747.61	739	8167.92	4786.12
748.11	738.5	8101.54	4790.06
748.61	738	8100.57	4794
749.11	737.5	8268.99	4797.94
749.61	737	8158.51	4801.88
750.11	736.5	8186.68	4805.82
750.61	736	8282.48	4809.77
751.11	735.5	8447.61	4813.71
751.61	735	8387.52	4817.66
752.11	734.5	8327.92	4821.61
752.61	734	8256.84	4825.56
753.11	733.5	8317.83	4829.51
753.61	733	8258.56	4833.46
754.11	732.5	8358.5	4837.41
754.61	732	8332.61	4841.36
755.11	731.5	8396.36	4845.32
755.61	731	8410.44	4849.27
756.11	730.5	8592.21	4853.23
756.61	730	8686.1	4857.18
757.11	729.5	8501.79	4861.14
757.61	729	8579.71	4865.1
758.11	728.5	8574.64	4869.05
758.61	728	8607	4873.01
759.11	727.5	8703.54	4876.97
759.61	727	8563	4880.93
760.11	726.5	8719.33	4884.89
760.61	726	8883.13	4888.85
761.11	725.5	8890.24	4892.81
761.61	725	8840.98	4896.77
762.11	724.5	8800.78	4900.73
762.61	724	8932.82	4904.69
763.11	723.5	9073.03	4908.65
763.61	723	9278.5	4912.61
764.11	722.5	9165.98	4916.57
764.61	722	9431.78	4920.53
765.11	721.5	9595.8	4924.49
765.61	721	9428.37	4928.45
766.11	720.5	9751.22	4932.41
766.61	720	9613.81	4936.37
767.11	719.5	9774.81	4940.33
767.61	719	9789.73	4944.29
768.11	718.5	9768.17	4948.25
768.61	718	9675.54	4952.21
769.11	717.5	9675.9	4956.16
769.61	717	9647.34	4960.12
770.11	716.5	9527.14	4964.08
770.61	716	9298.69	4968.04
771.11	715.5	9154.84	4971.99
771.61	715	9134.26	4975.95
772.11	714.5	8971.08	4979.9
772.61	714	8735.17	4983.86
773.11	713.5	8791.13	4987.81
773.61	713	8767.7	4991.77
774.11	712.5	8683.92	4995.72
774.61	712	8677.74	4999.67
775.11	711.5	8606.91	5003.62
775.61	711	8505.04	5007.57
776.11	710.5	8560.83	5011.52
776.61	710	8578.39	5015.46
777.11	709.5	8452.42	5019.41
777.61	709	8357.64	5023.35
778.11	708.5	8348.4	5027.3
778.61	708	8316.88	5031.24
779.11	707.5	8253.56	5035.18
779.61	707	8297.4	5039.12
780.11	706.5	8325.58	5043.06
780.61	706	8432.52	5047
781.11	705.5	8183.34	5050.93
781.61	705	8234.22	5054.87
782.11	704.5	8197.41	5058.8
782.61	704	8220.18	5062.73
783.11	703.5	8130.53	5066.66
783.61	703	8366.58	5070.59
784.11	702.5	8457.91	5074.52
784.61	702	8243.99	5078.45
785.11	701.5	8203.44	5082.37
785.61	701	8254.27	5086.29
786.11	700.5	8276.76	5090.22
786.61	700	8252.99	5094.14
787.11	699.5	8193.07	5098.06
787.61	699	8273.69	5101.97
788.11	698.5	8350.94	5105.89
788.61	698	8289.71	5109.81
789.11	697.5	8199.66	5113.72
789.61	697	8247.37	5117.64
790.11	696.5	8266.93	5121.55
790.61	696	8283.16	5125.46
791.11	695.5	8172.22	5129.37
791.61	695	8173.3	5133.28
792.11	694.5	8249.88	5137.19
792.61	694	8222.34	5141.1
793.11	693.5	8179.38	5145
793.61	693	8270.82	5148.91
794.11	692.5	8243.03	5152.81
794.61	692	8305.03	5156.71
795.11	691.5	8243.53	5160.62
795.61	691	8329.14	5164.52
796.11	690.5	8364.18	5168.42
796.61	690	8433.68	5172.32
797.11	689.5	8531.33	5176.22
797.61	689	8434	5180.12
798.11	688.5	8386.04	5184.01
798.61	688	8459.2	5187.91
799.11	687.5	8470.88	5191.81
799.61	687	8376.96	5195.7
800.11	686.5	8314.31	5199.6
800.61	686	8513.23	5203.49
801.11	685.5	8425.94	5207.38
801.61	685	8411	5211.27
802.11	684.5	8558.36	5215.17
802.61	684	8404.32	5219.06
803.11	683.5	8435.62	5222.95
803.61	683	8469.22	5226.84
804.11	682.5	8399.12	5230.73
804.61	682	8475.57	5234.62
805.11	681.5	8569.4	5238.5
805.61	681	8471.86	5242.39
806.11	680.5	8506.42	5246.28
806.61	680	8393.53	5250.17
807.11	679.5	8411.7	5254.05
807.61	679	8425.59	5257.94
808.11	678.5	8418.42	5261.82
808.61	678	8491.27	5265.71
809.11	677.5	8457.39	5269.59
809.61	677	8432.21	5273.48
810.11	676.5	8626.92	5277.36
810.61	676	8638.54	5281.25
811.11	675.5	8471.82	5285.13
811.61	675	8567.78	5289.01
812.11	674.5	8485.89	5292.9
812.61	674	8654.31	5296.78
813.11	673.5	8461.82	5300.66
813.61	673	8632.38	5304.55
814.11	672.5	8511.01	5308.43
814.61	672	8482.61	5312.31
815.11	671.5	8570.84	5316.19
815.61	671	8727.53	5320.07
816.11	670.5	8740.49	5323.96
816.61	670	8704.26	5327.84
817.11	669.5	8702.67	5331.72
817.61	669	8697.52	5335.6
818.11	668.5	8613.96	5339.49
818.61	668	8650.34	5343.37
819.11	667.5	8778.16	5347.25
819.61	667	8703.99	5351.13
820.11	666.5	8713.83	5355.01
820.61	666	8584.68	5358.9
821.11	665.5	8566.26	5362.78
821.61	665	8635.62	5366.66
822.11	664.5	8820.12	5370.54
822.61	664	8861.87	5374.43
823.11	663.5	8765.21	5378.31
823.61	663	8672.26	5382.2
824.11	662.5	8683.14	5386.08
824.61	662	8685.04	5389.96
825.11	661.5	8662.43	5393.85
825.61	661	8841.72	5397.73
826.11	660.5	8732.76	5401.62
826.61	660	8759.48	5405.5
827.11	659.5	8707.43	5409.39
827.61	659	8817.64	5413.28
828.11	658.5	8705.66	5417.16
828.61	658	8827.12	5421.05
829.11	657.5	8870.51	5424.94
829.61	657	8941.73	5428.82
830.11	656.5	8691.32	5432.71
830.61	656	8918.28	5436.6
831.11	655.5	8907.22	5440.49
831.61	655	8746.99	5444.38
832.11	654.5	8830.1	5448.27
832.61	654	8863.22	5452.17
833.11	653.5	8916.67	5456.06
833.61	653	8987.71	5459.95
834.11	652.5	8913.92	5463.84
834.61	652	8934.39	5467.74
835.11	651.5	8795.01	5471.63
835.61	651	9047.21	5475.53
836.11	650.5	8915.9	5479.42
836.61	650	8853.91	5483.32
837.11	649.5	8856.3	5487.22
837.61	649	8944.91	5491.12
838.11	648.5	8915.6	5495.02
838.61	648	8964.23	5498.92
839.11	647.5	8922.09	5502.82
839.61	647	8877.42	5506.72
840.11	646.5	9171.39	5510.62
840.61	646	9046.66	5514.53
841.11	645.5	8896.76	5518.43
841.61	645	8998.87	5522.34
842.11	644.5	9180.31	5526.25
842.61	644	9130.11	5530.15
843.11	643.5	9130.53	5534.06
843.61	643	9083.48	5537.97
844.11	642.5	9012.79	5541.88
844.61	642	9031.1	5545.8
845.11	641.5	9056.01	5549.71
845.61	641	9057.61	5553.62
846.11	640.5	9042.46	5557.54
846.61	640	9272.28	5561.46
847.11	639.5	8983.22	5565.37
847.61	639	9148.84	5569.29
848.11	638.5	9129.92	5573.21
848.61	638	9171.12	5577.14
849.11	637.5	9222.41	5581.06
849.61	637	9198.49	5584.98
850.11	636.5	9250.37	5588.91
850.61	636	9168.72	5592.84
851.11	635.5	9190.38	5596.76
851.61	635	9347.12	5600.69
852.11	634.5	9466	5604.62
852.61	634	9239.34	5608.56
853.11	633.5	9292.2	5612.49
853.61	633	9483.61	5616.43
854.11	632.5	9517.6	5620.36
854.61	632	9238.54	5624.3
855.11	631.5	9410	5628.24
855.61	631	9355.41	5632.18
856.11	630.5	9412.14	5636.13
856.61	630	9447.01	5640.07
857.11	629.5	9333.87	5644.02
857.61	629	9470.08	5647.97
858.11	628.5	9514.22	5651.92
858.61	628	9503.63	5655.87
859.11	627.5	9484.21	5659.82
859.61	627	9586.26	5663.78
860.11	626.5	9763.28	5667.73
860.61	626	9724.19	5671.69
861.11	625.5	9638.73	5675.65
861.61	625	9570.9	5679.62
862.11	624.5	9584.92	5683.58
862.61	624	9395.44	5687.55
863.11	623.5	9503.58	5691.52
863.61	623	9601.98	5695.49
864.11	622.5	9517.07	5699.47
864.61	622	9554.26	5703.44
865.11	621.5	9571.51	5707.42
865.61	621	9618.6	5711.4
866.11	620.5	9655.72	5715.39
866.61	620	9650.7	5719.38
867.11	619.5	9368.64	5723.37
867.61	619	9599.2	5727.36
868.11	618.5	9657.49	5731.35
868.61	618	9714.84	5735.35
869.11	617.5	9734.32	5739.35
869.61	617	9614.44	5743.36
870.11	616.5	9757.93	5747.37
870.61	616	9671.98	5751.38
871.11	615.5	9742.42	5755.39
871.61	615	9797.07	5759.41
872.11	614.5	9792	5763.43
872.61	614	9848.69	5767.45
873.11	613.5	9792.63	5771.48
873.61	613	9750.78	5775.51
874.11	612.5	9835.59	5779.54
874.61	612	9891.81	5783.58
875.11	611.5	9936.6	5787.62
875.61	611	10062.8	5791.66
876.11	610.5	10209	5795.71
876.61	610	10184.3	5799.76
877.11	609.5	10234.4	5803.82
877.61	609	10391.5	5807.88
878.11	608.5	10546.4	5811.94
878.61	608	10735.5	5816.01
879.11	607.5	11057.1	5820.08
879.61	607	11478.2	5824.15
880.11	606.5	11797.8	5828.23
880.61	606	12694.4	5832.32
881.11	605.5	14062.4	5836.4
881.61	605	15529.6	5840.49
882.11	604.5	17363.8	5844.59
882.61	604	18361.9	5848.69
883.11	603.5	17508.9	5852.8
883.61	603	15305.3	5856.91
884.11	602.5	13251.2	5861.02
884.61	602	12079.9	5865.14
885.11	601.5	11217	5869.26
885.61	601	10609.2	5873.39
886.11	600.5	10195.8	5877.52
886.61	600	9911.83	5881.66
887.11	599.5	9612.37	5885.81
887.61	599	9439.71	5889.95
888.11	598.5	9423.31	5894.11
888.61	598	9310.78	5898.26
889.11	597.5	9245.32	5902.43
889.61	597	9078.16	5906.59
890.11	596.5	9178.28	5910.77
890.61	596	9275.67	5914.95
891.11	595.5	9106.99	5919.13
891.61	595	9095.53	5923.32
892.11	594.5	8989.57	5927.51
892.61	594	9102.89	5931.71
893.11	593.5	9066.01	5935.92
893.61	593	9219.57	5940.13
894.11	592.5	9218.1	5944.35
894.61	592	9042.18	5948.57
895.11	591.5	9137.72	5952.8
895.61	591	9155.9	5957.03
896.11	590.5	9128.2	5961.27
896.61	590	8988.4	5965.52
897.11	589.5	9075.53	5969.77
897.61	589	9250.42	5974.03
898.11	588.5	9095.94	5978.29
898.61	588	9116.21	5982.56
899.11	587.5	9108.24	5986.84
899.61	587	8998.37	5991.12
900.11	586.5	9016.36	5995.41
900.61	586	9168.84	5999.7
901.11	585.5	9091.48	6004.01
901.61	585	9003.52	6008.31
902.11	584.5	9033.21	6012.63
902.61	584	9059.51	6016.95
903.11	583.5	9209.87	6021.28
903.61	583	9137.82	6025.61
904.11	582.5	9065.08	6029.95
904.61	582	9421.03	6034.3
905.11	581.5	9559.52	6038.66
905.61	581	9561.11	6043.02
906.11	580.5	9502.94	6047.39
906.61	580	9622.58	6051.76
907.11	579.5	9768.46	6056.14
907.61	579	9867.66	6060.53
908.11	578.5	10097	6064.93
908.61	578	10503	6069.34
909.11	577.5	10742.4	6073.75
909.61	577	11043.2	6078.17
910.11	576.5	11609.7	6082.59
910.61	576	12254.1	6087.03
911.11	575.5	13605.4	6091.47
911.61	575	15424.6	6095.92
912.11	574.5	18129.1	6100.37
912.61	574	21628.1	6104.84
913.11	573.5	24537.4	6109.31
913.61	573	25283.1	6113.79
914.11	572.5	22594.2	6118.28
914.61	572	18794.1	6122.77
915.11	571.5	15302.7	6127.28
915.61	571	12734.4	6131.79
916.11	570.5	11106.3	6136.31
916.61	570	10098.2	6140.83
917.11	569.5	9086.18	6145.37
917.61	569	8352.92	6149.91
918.11	568.5	8026.91	6154.46
918.61	568	7757	6159.03
919.11	567.5	7546.03	6163.59
919.61	567	7348.02	6168.17
920.11	566.5	7163.9	6172.76
920.61	566	7026.44	6177.35
921.11	565.5	7167.52	6181.95
921.61	565	7007.76	6186.57
922.11	564.5	6888.18	6191.19
922.61	564	6831.7	6195.81
923.11	563.5	6614.64	6200.45
923.61	563	6708.37	6205.1
924.11	562.5	6646.8	6209.75
924.61	562	6622.06	6214.42
925.11	561.5	6607.17	6219.09
925.61	561	6550.27	6223.78
926.11	560.5	6604.87	6228.47
926.61	560	6586.88	6233.17
927.11	559.5	6414.27	6237.88
927.61	559	6493.59	6242.6
928.11	558.5	6425.97	6247.33
928.61	558	6370.98	6252.06
929.11	557.5	6503.09	6256.81
929.61	557	6470.08	6261.57
930.11	556.5	6548.94	6266.34
930.61	556	6480.86	6271.11
931.11	555.5	6457.74	6275.9
931.61	555	6473.81	6280.7
932.11	554.5	6344.83	6285.5
932.61	554	6429.56	6290.32
933.11	553.5	6364.71	6295.14
933.61	553	6359.74	6299.98
934.11	552.5	6473.73	6304.82
934.61	552	6463.21	6309.68
935.11	551.5	6491.26	6314.54
935.61	551	6440.09	6319.42
936.11	550.5	6401	6324.3
936.61	550	6406.03	6329.19
937.11	549.5	6312.32	6334.09
937.61	549	6342.53	6339.01
938.11	548.5	6393.4	6343.93
938.61	548	6507.02	6348.86
939.11	547.5	6441.72	6353.8
939.61	547	6403.63	6358.74
940.11	546.5	6392.17	6363.7
940.61	546	6414.16	6368.67
941.11	545.5	6435.19	6373.64
941.61	545	6388.47	6378.63
942.11	544.5	6425.71	6383.62
942.61	544	6429.13	6388.62
943.11	543.5	6301.12	6393.63
943.61	543	6428.56	6398.65
944.11	542.5	6382.69	6403.68
944.61	542	6468.92	6408.71
945.11	541.5	6550.84	6413.75
945.61	541	6418.87	6418.81
946.11	540.5	6500.89	6423.87
946.61	540	6668.34	6428.94
947.11	539.5	6561.86	6434.01
947.61	539	6435.79	6439.1
948.11	538.5	6512.24	6444.19
948.61	538	6517.84	6449.29
949.11	537.5	6428.29	6454.4
949.61	537	6439.37	6459.51
950.11	536.5	6396.51	6464.64
950.61	536	6476.73	6469.77
951.11	535.5	6511.17	6474.91
951.61	535	6538.48	6480.05
952.11	534.5	6512.06	6485.2
952.61	534	6643.53	6490.37
953.11	533.5	6768.79	6495.53
953.61	533	6690.99	6500.71
954.11	532.5	6763.36	6505.89
954.61	532	6701.54	6511.08
955.11	531.5	6849.37	6516.28
955.61	531	6818.26	6521.48
956.11	530.5	6707.63	6526.69
956.61	530	6555.48	6531.91
957.11	529.5	6531.41	6537.13
957.61	529	6537.42	6542.37
958.11	528.5	6528.18	6547.6
958.61	528	6587.04	6552.85
959.11	527.5	6490.58	6558.1
959.61	527	6512.36	6563.35
960.11	526.5	6584.39	6568.62
960.61	526	6562.44	6573.89
961.11	525.5	6511.93	6579.16
961.61	525	6627.57	6584.45
962.11	524.5	6674.07	6589.73
962.61	524	6688.78	6595.03
963.11	523.5	6650.8	6600.33
963.61	523	6601.16	6605.64
964.11	522.5	6455.36	6610.95
964.61	522	6491.39	6616.27
965.11	521.5	6678.74	6621.59
965.61	521	6632.03	6626.92
966.11	520.5	6610.57	6632.25
966.61	520	6516.63	6637.6
967.11	519.5	6695.93	6642.94
967.61	519	6649.62	6648.29
968.11	518.5	6577.74	6653.65
968.61	518	6582.6	6659.01
969.11	517.5	6633.32	6664.38
969.61	517	6699.23	6669.75
970.11	516.5	6707.73	6675.13
970.61	516	6569.2	6680.51
971.11	515.5	6607.38	6685.9
971.61	515	6692.23	6691.29
972.11	514.5	6746.64	6696.69
972.61	514	6652.51	6702.09
973.11	513.5	6700.36	6707.5
973.61	513	6684.4	6712.91
974.11	512.5	6596.54	6718.32
974.61	512	6677.48	6723.75
975.11	511.5	6693.61	6729.17
975.61	511	6645.33	6734.6
976.11	510.5	6583.2	6740.03
976.61	510	6744.38	6745.47
977.11	509.5	6615.54	6750.91
977.61	509	6614.84	6756.36
978.11	508.5	6780.06	6761.81
978.61	508	6761.81	6767.26
979.11	507.5	6671.09	6772.72
979.61	507	6758.38	6778.18
980.11	506.5	6740.8	6783.65
980.61	506	6705.44	6789.12
981.11	505.5	6840.53	6794.59
981.61	505	6745.71	6800.07
982.11	504.5	6801.63	6805.55
982.61	504	6799.23	6811.03
983.11	503.5	6940.77	6816.52
983.61	503	6846.08	6822.01
984.11	502.5	6711.39	6827.5
984.61	502	6877.12	6833
985.11	501.5	6864.66	6838.5
985.61	501	6848.04	6844
986.11	500.5	6863.4	6849.5
986.61	500	6893.73	6855.01
987.11	499.5	6822.47	6860.53
987.61	499	6656.07	6866.04
988.11	498.5	6868.28	6871.56
988.61	498	6869.5	6877.08
989.11	497.5	6733.56	6882.6
989.61	497	6794.14	6888.12
990.11	496.5	6831.37	6893.65
990.61	496	6791.02	6899.18
991.11	495.5	6725.8	6904.71
991.61	495	6774.57	6910.25
992.11	494.5	6740.96	6915.78
992.61	494	6929.56	6921.32
993.11	493.5	6960.61	6926.86
993.61	493	6869.03	6932.41
994.11	492.5	6885.92	6937.95
994.61	492	6928.41	6943.5
995.11	491.5	6942.89	6949.05
995.61	491	6934.33	6954.6
996.11	490.5	6901.36	6960.15
996.61	490	6891.91	6965.7
997.11	489.5	6786.4	6971.26
997.61	489	7058.08	6976.82
998.11	488.5	6925.87	6982.37
998.61	488	6953.6	6987.93
999.11	487.5	6983.32	6993.49
999.61	487	7043.47	6999.06
1000.11	486.5	6991.39	7004.62
1000.61	486	6998.37	7010.18
1001.11	485.5	6948.38	7015.75
1001.61	485	6987.64	7021.32
1002.11	484.5	6944.51	7026.88
1002.61	484	6994.56	7032.45
1003.11	483.5	7047.2	7038.02
1003.61	483	7061.7	7043.59
1004.11	482.5	7041.07	7049.16
1004.61	482	7063.19	7054.73
1005.11	481.5	7027.23	7060.3
1005.61	481	6989.48	7065.87
1006.11	480.5	6956.7	7071.45
1006.61	480	7130.67	7077.02
1007.11	479.5	7066.22	7082.59
1007.61	479	7033.01	7088.16
1008.11	478.5	7015.02	7093.74
1008.61	478	7099.31	7099.31
1009.11	477.5	7075.28	7075.28
1009.61	477	7183.18	7183.18
1010.11	476.5	7140.73	7140.73
1010.61	476	7163.9	7163.9
1011.11	475.5	7206.42	7206.42
1011.61	475	7097.63	7097.63
1012.11	474.5	6958.87	6958.87
1012.61	474	7009.92	7009.92
1013.11	473.5	7047.02	7047.02
1013.61	473	7139.26	7139.26
1014.11	472.5	7084.11	7084.11
1014.61	472	7199.62	7199.62
1015.11	471.5	7207.3	7207.3
1015.61	471	7275.01	7275.01
1016.11	470.5	7254.71	7254.71
1016.61	470	7260.52	7260.52
1017.11	469.5	7128.87	7128.87
1017.61	469	7323.74	7323.74
1018.11	468.5	7299.18	7299.18
1018.61	468	7199.14	7199.14
1019.11	467.5	7210.02	7210.02
1019.61	467	7177.99	7177.99
1020.11	466.5	7229.66	7229.66
1020.61	466	7326.49	7326.49
1021.11	465.5	7391.7	7391.7
1021.61	465	7228.27	7228.27
1022.11	464.5	7211.97	7211.97
1022.61	464	7218.73	7218.73
1023.11	463.5	7355.07	7355.07
1023.61	463	7487.93	7487.93
1024.11	462.5	7307.68	7307.68
1024.61	462	7312.28	7312.28
1025.11	461.5	7349.71	7349.71
1025.61	461	7372.17	7372.17
1026.11	460.5	7414.49	7414.49
1026.61	460	7510.73	7510.73
1027.11	459.5	7312.08	7312.08
1027.61	459	7371.99	7371.99
1028.11	458.5	7495.04	7495.04
1028.61	458	7515.4	7515.4
1029.11	457.5	7437.67	7437.67
1029.61	457	7435.36	7435.36
1030.11	456.5	7502.29	7502.29
1030.61	456	7364.51	7364.51
1031.11	455.5	7376.86	7376.86
1031.61	455	7330.26	7330.26
1032.11	454.5	7475	7475
1032.61	454	7493.47	7493.47
1033.11	453.5	7575.18	7575.18
1033.61	453	7620.37	7620.37
1034.11	452.5	7526.84	7526.84
1034.61	452	7536.57	7536.57
1035.11	451.5	7379.48	7379.48
1035.61	451	7318.13	7318.13
1036.11	450.5	7514.9	7514.9
1036.61	450	7499.61	7499.61
1037.11	449.5	7493.19	7493.19
1037.61	449	7594.13	7594.13
1038.11	448.5	7460.22	7460.22
1038.61	448	7375.42	7375.42
1039.11	447.5	7615.76	7615.76
1039.61	447	7529.74	7529.74
1040.11	446.5	7426.43	7426.43
1040.61	446	7440.56	7440.56
1041.11	445.5	7503.09	7503.09
1041.61	445	7525.07	7525.07
1042.11	444.5	7573.56	7573.56
1042.61	444	7529.33	7529.33
1043.11	443.5	7544.7	7544.7
1043.61	443	7716.91	7716.91
1044.11	442.5	7514.22	7514.22
1044.61	442	7461.7	7461.7
1045.11	441.5	7365.93	7365.93
1045.61	441	7498.54	7498.54
1046.11	440.5	7586.93	7586.93
1046.61	440	7543.1	7543.1
1047.11	439.5	7514.22	7514.22
1047.61	439	7449.78	7449.78
1048.11	438.5	7559.13	7559.13
1048.61	438	7608.24	7608.24
1049.11	437.5	7450.87	7450.87
1049.61	437	7511.94	7511.94
1050.11	436.5	7565.81	7565.81
1050.61	436	7534.37	7534.37
1051.11	435.5	7550.07	7550.07
1051.61	435	7639.61	7639.61
1052.11	434.5	7629.91	7629.91
1052.61	434	7447.67	7447.67
1053.11	433.5	7594.39	7594.39
1053.61	433	7486.73	7486.73
1054.11	432.5	7540.41	7540.41
1054.61	432	7595.16	7595.16
1055.11	431.5	7566.81	7566.81
1055.61	431	7626.07	7626.07
1056.11	430.5	7688.56	7688.56
1056.61	430	7752.06	7752.06
1057.11	429.5	7602.91	7602.91
1057.61	429	7545.21	7545.21
1058.11	428.5	7646.38	7646.38
1058.61	428	7736.29	7736.29
1059.11	427.5	7605.24	7605.24
1059.61	427	7707.38	7707.38
1060.11	426.5	7649.02	7649.02
1060.61	426	7561.47	7561.47
1061.11	425.5	7717.93	7717.93
1061.61	425	7625.16	7625.16
1062.11	424.5	7662.54	7662.54
1062.61	424	7569.28	7569.28
1063.11	423.5	7720.11	7720.11
1063.61	423	7620.08	7620.08
1064.11	422.5	7731.51	7731.51
1064.61	422	7695.14	7695.14
1065.11	421.5	7816.99	7816.99
1065.61	421	7670.36	7670.36
1066.11	420.5	7761.86	7761.86
1066.61	420	7729.48	7729.48
1067.11	419.5	7757.91	7757.91
1067.61	419	7680.09	7680.09
1068.11	418.5	7702.89	7702.89
1068.61	418	7779.11	7779.11
1069.11	417.5	7604.27	7604.27
1069.61	417	7625.17	7625.17
1070.11	416.5	7715.21	7715.21
1070.61	416	7676.54	7676.54
1071.11	415.5	7761.86	7761.86
1071.61	415	7750.83	7750.83
1072.11	414.5	7769.13	7769.13
1072.61	414	7825.01	7825.01
1073.11	413.5	7881.72	7881.72
1073.61	413	7839.96	7839.96
1074.11	412.5	7671.26	7671.26
1074.61	412	7733.32	7733.32
1075.11	411.5	7840.24	7840.24
1075.61	411	7968.88	7968.88
1076.11	410.5	7914.23	7914.23
1076.61	410	7781.99	7781.99
1077.11	409.5	7940.21	7940.21
1077.61	409	7996.31	7996.31
1078.11	408.5	8037.97	8037.97
1078.61	408	8003.21	8003.21
1079.11	407.5	7976.47	7976.47
1079.61	407	7918.36	7918.36
1080.11	406.5	8035.18	8035.18
1080.61	406	8192.44	8192.44
1081.11	405.5	8194.22	8194.22
1081.61	405	8300.66	8300.66
1082.11	404.5	8258.73	8258.73
1082.61	404	8401.84	8401.84
1083.11	403.5	8231.52	8231.52
1083.61	403	8304.13	8304.13
1084.11	402.5	8438.64	8438.64
1084.61	402	8379.61	8379.61
1085.11	401.5	8487.63	8487.63
1085.61	401	8653.17	8653.17
1086.11	400.5	8692.08	8692.08
1086.61	400	8769.11	8769.11
1087.11	399.5	8851.9	8851.9
1087.61	399	8884.58	8884.58
1088.11	398.5	8795.13	8795.13
1088.61	398	8735.29	8735.29
1089.11	397.5	8689.84	8689.84
1089.61	397	8618.42	8618.42
1090.11	396.5	8648.66	8648.66
1090.61	396	8773.4	8773.4
1091.11	395.5	8892.54	8892.54
1091.61	395	9020.9	9020.9
1092.11	394.5	9146.98	9146.98
1092.61	394	9087.98	9087.98
1093.11	393.5	9165.39	9165.39
1093.61	393	9334.14	9334.14
1094.11	392.5	9075.04	9075.04
1094.61	392	8887.42	8887.42
1095.11	391.5	8986.96	8986.96
1095.61	391	8972.52	8972.52
1096.11	390.5	9005.38	9005.38
1096.61	390	9086.28	9086.28
1097.11	389.5	8849.11	8849.11
1097.61	389	8855.81	8855.81
1098.11	388.5	8867.09	8867.09
1098.61	388	8916.54	8916.54
1099.11	387.5	8940.47	8940.47
1099.61	387	8898.53	8898.53
1100.11	386.5	9065.08	9065.08
1100.61	386	8948.46	8948.46
1101.11	385.5	8697.87	8697.87
1101.61	385	8783.02	8783.02
1102.11	384.5	8756.68	8756.68
1102.61	384	8650.31	8650.31
1103.11	383.5	8949.83	8949.83
1103.61	383	9021.79	9021.79
1104.11	382.5	9195.66	9195.66
1104.61	382	9231.48	9231.48
1105.11	381.5	9116.91	9116.91
1105.61	381	8863.54	8863.54
1106.11	380.5	8832.07	8832.07
1106.61	380	8654.78	8654.78
1107.11	379.5	8652.94	8652.94
1107.61	379	8907.58	8907.58
1108.11	378.5	9603.18	9603.18
1108.61	378	10273.3	10273.3
1109.11	377.5	9455.89	9455.89
1109.61	377	8936.97	8936.97
1110.11	376.5	9534.52	9534.52
1110.61	376	10623.4	10623.4
1111.11	375.5	12832.7	12832.7
1111.61	375	23312	23312
1112.11	374.5	69319	69319
1112.61	374	73878.1	73878.1
1113.11	373.5	20563.3	20563.3
1113.61	373	9079.97	9079.97
1114.11	372.5	8438.93	8438.93
1114.61	372	8683.81	8683.81
1115.11	371.5	6872.57	6872.57
1115.61	371	5743.01	5743.01
1116.11	370.5	6300.42	6300.42
1116.61	370	7837.66	7837.66
1117.11	369.5	11444.7	11444.7
1117.61	369	26810	26810
1118.11	368.5	92832	92832
1118.61	368	99896.4	99896.4
1119.11	367.5	23429.1	23429.1
1119.61	367	5909.42	5909.42
1120.11	366.5	3463.62	3463.62
1120.61	366	2542.01	2542.01
1121.11	365.5	2184.59	2184.59
1121.61	365	1913.33	1913.33
1122.11	364.5	1608.2	1608.2
1122.61	364	1494.43	1494.43
1123.11	363.5	1465.44	1465.44
1123.61	363	1448.11	1448.11
1124.11	362.5	1295.28	1295.28
1124.61	362	1265.02	1265.02
1125.11	361.5	1250.01	1250.01
1125.61	361	1242.41	1242.41
1126.11	360.5	1232.32	1232.32
1126.61	360	1203.06	1203.06
1127.11	359.5	1151.26	1151.26
1127.61	359	1185.14	1185.14
1128.11	358.5	1184.6	1184.6
1128.61	358	1157.9	1157.9
1129.11	357.5	1177.89	1177.89
1129.61	357	1145.62	1145.62
1130.11	356.5	1169.6	1169.6
1130.61	356	1174.77	1174.77
1131.11	355.5	1143.78	1143.78
1131.61	355	1151.12	1151.12
1132.11	354.5	1157.13	1157.13
1132.61	354	1131.37	1131.37
1133.11	353.5	1134.47	1134.47
1133.61	353	1147.29	1147.29
1134.11	352.5	1137.29	1137.29
1134.61	352	1160.2	1160.2
1135.11	351.5	1148	1148
1135.61	351	1127.93	1127.93
1136.11	350.5	1165.1	1165.1
1136.61	350	1109.88	1109.88
1137.11	349.5	1110.9	1110.9
1137.61	349	1116.03	1116.03
1138.11	348.5	1127.12	1127.12
1138.61	348	1149	1149
1139.11	347.5	1129.41	1129.41
1139.61	347	1155.48	1155.48
1140.11	346.5	1162.43	1162.43
1140.61	346	1111.76	1111.76
1141.11	345.5	1126.81	1126.81
1141.61	345	1101.71	1101.71
1142.11	344.5	1114.09	1114.09
1142.61	344	1166.06	1166.06
1143.11	343.5	1089.78	1089.78
1143.61	343	1109.08	1109.08
1144.11	342.5	1180.14	1180.14
1144.61	342	1189.03	1189.03
1145.11	341.5	1129.97	1129.97
1145.61	341	1156.16	1156.16
1146.11	340.5	1148.01	1148.01
1146.61	340	1116.93	1116.93
1147.11	339.5	1140.44	1140.44
1147.61	339	1130.08	1130.08
1148.11	338.5	1152.06	1152.06
1148.61	338	1124.62	1124.62
1149.11	337.5	1104.25	1104.25
1149.61	337	1150.63	1150.63
1150.11	336.5	1132.1	1132.1
1150.61	336	1126.36	1126.36
1151.11	335.5	1156.26	1156.26
1151.61	335	1174.82	1174.82
1152.11	334.5	1110.07	1110.07
1152.61	334	1111.62	1111.62
1153.11	333.5	1138.11	1138.11
1153.61	333	1145.24	1145.24
1154.11	332.5	1174.64	1174.64
1154.61	332	1130.49	1130.49
1155.11	331.5	1129.94	1129.94
1155.61	331	1141.42	1141.42
1156.11	330.5	1138.18	1138.18
1156.61	330	1172.42	1172.42
1157.11	329.5	1188.89	1188.89
1157.61	329	1156.14	1156.14
1158.11	328.5	1212.93	1212.93
1158.61	328	1211.14	1211.14
1159.11	327.5	1169.63	1169.63
1159.61	327	1192.11	1192.11
1160.11	326.5	1132.61	1132.61
1160.61	326	1214.49	1214.49
1161.11	325.5	1133.43	1133.43
1161.61	325	1201.56	1201.56
1162.11	324.5	1135.3	1135.3
1162.61	324	1096.7	1096.7
1163.11	323.5	1119.06	1119.06
1163.61	323	1138.74	1138.74
1164.11	322.5	1205.01	1205.01
1164.61	322	1210.88	1210.88
1165.11	321.5	1213.22	1213.22
1165.61	321	1234.68	1234.68
1166.11	320.5	1228.9	1228.9
1166.61	320	1239.84	1239.84
1167.11	319.5	1230.76	1230.76
1167.61	319	1181.8	1181.8
1168.11	318.5	1173.07	1173.07
1168.61	318	1170.31	1170.31
1169.11	317.5	1214.09	1214.09
1169.61	317	1197.14	1197.14
1170.11	316.5	1200.84	1200.84
1170.61	316	1176.37	1176.37
1171.11	315.5	1254.11	1254.11
1171.61	315	1169.91	1169.91
1172.11	314.5	1127.51	1127.51
1172.61	314	1152.59	1152.59
1173.11	313.5	1166.78	1166.78
1173.61	313	1235.39	1235.39
1174.11	312.5	1199.17	1199.17
1174.61	312	1170.13	1170.13
1175.11	311.5	1221.64	1221.64
1175.61	311	1233.89	1233.89
1176.11	310.5	1197.56	1197.56
1176.61	310	1194.98	1194.98
1177.11	309.5	1208.29	1208.29
1177.61	309	1170.53	1170.53
1178.11	308.5	1135.42	1135.42
1178.61	308	1182.42	1182.42
1179.11	307.5	1236.49	1236.49
1179.61	307	1137.3	1137.3
1180.11	306.5	1086.97	1086.97
1180.61	306	1164.67	1164.67
1181.11	305.5	1195.57	1195.57
1181.61	305	1228.9	1228.9
1182.11	304.5	1215.27	1215.27
1182.61	304	1201	1201
1183.11	303.5	1180.84	1180.84
1183.61	303	1162.5	1162.5
1184.11	302.5	1195.43	1195.43
1184.61	302	1202.29	1202.29
1185.11	301.5	1236.52	1236.52
1185.61	301	1193.17	1193.17
1186.11	300.5	1204.47	1204.47
1186.61	300	1193.73	1193.73
1187.11	299.5	1193.36	1193.36
1187.61	299	1211.62	1211.62
1188.11	298.5	1205.02	1205.02
1188.61	298	1167.87	1167.87
1189.11	297.5	1181.11	1181.11
1189.61	297	1207.7	1207.7
1190.11	296.5	1197.37	1197.37
1190.61	296	1181.88	1181.88
1191.11	295.5	1165.42	1165.42
1191.61	295	1209.81	1209.81
1192.11	294.5	1232.06	1232.06
1192.61	294	1190.72	1190.72
1193.11	293.5	1177.73	1177.73
1193.61	293	1230.67	1230.67
1194.11	292.5	1238.58	1238.58
1194.61	292	1252.78	1252.78
1195.11	291.5	1228.77	1228.77
1195.61	291	1244.36	1244.36
1196.11	290.5	1158.37	1158.37
1196.61	290	1237.3	1237.3
1197.11	289.5	1221.82	1221.82
1197.61	289	1270.2	1270.2
1198.11	288.5	1279.58	1279.58
1198.61	288	1294.81	1294.81
1199.11	287.5	1266.93	1266.93
1199.61	287	1273.82	1273.82
1200.11	286.5	1353	1353
1200.61	286	1302.37	1302.37
1201.11	285.5	1341.7	1341.7
1201.61	285	1519.24	1519.24
1202.11	284.5	1553.5	1553.5
1202.61	284	1338.27	1338.27
1203.11	283.5	1222.47	1222.47
1203.61	283	1283.56	1283.56
1204.11	282.5	1219.41	1219.41
1204.61	282	1177.13	1177.13
1205.11	281.5	1184.36	1184.36
1205.61	281	1186.59	1186.59
1206.11	280.5	1187.99	1187.99
1206.61	280	1239.52	1239.52
1207.11	279.5	1249.51	1249.51
1207.61	279	1212.89	1212.89
1208.11	278.5	1204.52	1204.52
1208.61	278	1154.5	1154.5
1209.11	277.5	1197.5	1197.5
1209.61	277	1231.93	1231.93
1210.11	276.5	1243.2	1243.2
1210.61	276	1246.81	1246.81
1211.11	275.5	1223.11	1223.11
1211.61	275	1278.12	1278.12
1212.11	274.5	1323.42	1323.42
1212.61	274	1254.5	1254.5
1213.11	273.5	1294.16	1294.16
1213.61	273	1260.99	1260.99
1214.11	272.5	1207.24	1207.24
1214.61	272	1225.96	1225.96
1215.11	271.5	1236.53	1236.53
1215.61	271	1277.09	1277.09
1216.11	270.5	1252.99	1252.99
1216.61	270	1256.09	1256.09
1217.11	269.5	1215.49	1215.49
1217.61	269	1202.37	1202.37
1218.11	268.5	1246.93	1246.93
1218.61	268	1285.01	1285.01
1219.11	267.5	1285.64	1285.64
1219.61	267	1280.22	1280.22
1220.11	266.5	1236.63	1236.63
1220.61	266	1235.57	1235.57
1221.11	265.5	1265.21	1265.21
1221.61	265	1269.06	1269.06
1222.11	264.5	1235.71	1235.71
1222.61	264	1253.54	1253.54
1223.11	263.5	1298.79	1298.79
1223.61	263	1303.58	1303.58
1224.11	262.5	1265.76	1265.76
1224.61	262	1273.82	1273.82
1225.11	261.5	1252.44	1252.44
1225.61	261	1249.09	1249.09
1226.11	260.5	1255.54	1255.54
1226.61	260	1231.8	1231.8
1227.11	259.5	1220.88	1220.88
1227.61	259	1241.13	1241.13
1228.11	258.5	1244.13	1244.13
1228.61	258	1305.78	1305.78
1229.11	257.5	1238.2	1238.2
1229.61	257	1227.26	1227.26
1230.11	256.5	1275.93	1275.93
1230.61	256	1278.2	1278.2
1231.11	255.5	1228.67	1228.67
1231.61	255	1286.16	1286.16
1232.11	254.5	1260.39	1260.39
1232.61	254	1216.96	1216.96
1233.11	253.5	1252.2	1252.2
1233.61	253	1274.42	1274.42
1234.11	252.5	1294.18	1294.18
1234.61	252	1309.51	1309.51
1235.11	251.5	1235.08	1235.08
1235.61	251	1233.58	1233.58
1236.11	250.5	1253.22	1253.22
1236.61	250	1266.14	1266.14
1237.11	249.5	1273.93	1273.93
1237.61	249	1263.66	1263.66
1238.11	248.5	1274.58	1274.58
1238.61	248	1284.34	1284.34
1239.11	247.5	1281.9	1281.9
1239.61	247	1249.71	1249.71
1240.11	246.5	1286.91	1286.91
1240.61	246	1279.12	1279.12
1241.11	245.5	1338.49	1338.49
1241.61	245	1286.53	1286.53
1242.11	244.5	1359.49	1359.49
1242.61	244	1368.31	1368.31
1243.11	243.5	1307.91	1307.91
1243.61	243	1321.88	1321.88
1244.11	242.5	1387.52	1387.52
1244.61	242	1446.3	1446.3
1245.11	241.5	1424.49	1424.49
1245.61	241	1326.5	1326.5
1246.11	240.5	1371.17	1371.17
1246.61	240	1263.78	1263.78
1247.11	239.5	1295.11	1295.11
1247.61	239	1311.83	1311.83
1248.11	238.5	1334.86	1334.86
1248.61	238	1307.61	1307.61
1249.11	237.5	1321.91	1321.91
1249.61	237	1324.82	1324.82
1250.11	236.5	1335.36	1335.36
1250.61	236	1264.6	1264.6
1251.11	235.5	1278.71	1278.71
1251.61	235	1336.11	1336.11
1252.11	234.5	1320.92	1320.92
1252.61	234	1323.62	1323.62
1253.11	233.5	1241.22	1241.22
1253.61	233	1253.71	1253.71
1254.11	232.5	1277.11	1277.11
1254.61	232	1315.07	1315.07
1255.11	231.5	1294.91	1294.91
1255.61	231	1304.27	1304.27
1256.11	230.5	1347.5	1347.5
1256.61	230	1314.44	1314.44
1257.11	229.5	1313.66	1313.66
1257.61	229	1283.4	1283.4
1258.11	228.5	1313.4	1313.4
1258.61	228	1353.49	1353.49
1259.11	227.5	1285.59	1285.59
1259.61	227	1310.32	1310.32
1260.11	226.5	1320.7	1320.7
1260.61	226	1319.72	1319.72
1261.11	225.5	1327.04	1327.04
1261.61	225	1305.02	1305.02
1262.11	224.5	1402.71	1402.71
1262.61	224	1380.49	1380.49
1263.11	223.5	1365.28	1365.28
1263.61	223	1273.14	1273.14
1264.11	222.5	1341.5	1341.5
1264.61	222	1370.99	1370.99
1265.11	221.5	1339.82	1339.82
1265.61	221	1335.32	1335.32
1266.11	220.5	1281.68	1281.68
1266.61	220	1263.29	1263.29
1267.11	219.5	1348.93	1348.93
1267.61	219	1315.23	1315.23
1268.11	218.5	1312.52	1312.52
1268.61	218	1356.34	1356.34
1269.11	217.5	1369.77	1369.77
1269.61	217	1390.82	1390.82
1270.11	216.5	1350.98	1350.98
1270.61	216	1319.87	1319.87
1271.11	215.5	1356.38	1356.38
1271.61	215	1359.67	1359.67
1272.11	214.5	1374.86	1374.86
1272.61	214	1332.38	1332.38
1273.11	213.5	1368.47	1368.47
1273.61	213	1340.54	1340.54
1274.11	212.5	1343.42	1343.42
1274.61	212	1354.09	1354.09
1275.11	211.5	1436.83	1436.83
1275.61	211	1386.69	1386.69
1276.11	210.5	1389.82	1389.82
1276.61	210	1354.44	1354.44
1277.11	209.5	1346.68	1346.68
1277.61	209	1386.16	1386.16
1278.11	208.5	1326.01	1326.01
1278.61	208	1396.74	1396.74
1279.11	207.5	1395.82	1395.82
1279.61	207	1370.13	1370.13
1280.11	206.5	1372.93	1372.93
1280.61	206	1378.96	1378.96
1281.11	205.5	1404.23	1404.23
1281.61	205	1350.72	1350.72
1282.11	204.5	1369	1369
1282.61	204	1326.34	1326.34
1283.11	203.5	1391.24	1391.24
1283.61	203	1377.24	1377.24
1284.11	202.5	1364.03	1364.03
1284.61	202	1401.61	1401.61
1285.11	201.5	1361.16	1361.16
1285.61	201	1367	1367
1286.11	200.5	1395.94	1395.94
1286.61	200	1371.9	1371.9
1287.11	199.5	1411.17	1411.17
1287.61	199	1472.98	1472.98
1288.11	198.5	1365.1	1365.1
1288.61	198	1434.97	1434.97
1289.11	197.5	1370.48	1370.48
1289.61	197	1433.52	1433.52
1290.11	196.5	1416.96	1416.96
1290.61	196	1382.32	1382.32
1291.11	195.5	1356.12	1356.12
1291.61	195	1461.22	1461.22
1292.11	194.5	1417.16	1417.16
1292.61	194	1386.17	1386.17
1293.11	193.5	1400.6	1400.6
1293.61	193	1411.26	1411.26
1294.11	192.5	1392.98	1392.98
1294.61	192	1447.33	1447.33
1295.11	191.5	1418.97	1418.97
1295.61	191	1438.3	1438.3
1296.11	190.5	1439.32	1439.32
1296.61	190	1447.99	1447.99
1297.11	189.5	1471.84	1471.84
1297.61	189	1385.28	1385.28
1298.11	188.5	1425.08	1425.08
1298.61	188	1418.06	1418.06
1299.11	187.5	1401.54	1401.54
1299.61	187	1356.04	1356.04
1300.11	186.5	1408.86	1408.86
1300.61	186	1475.52	1475.52
1301.11	185.5	1446.72	1446.72
1301.61	185	1415.37	1415.37
1302.11	184.5	1449.31	1449.31
1302.61	184	1492.02	1492.02
1303.11	183.5	1443.96	1443.96
1303.61	183	1444.37	1444.37
1304.11	182.5	1424.31	1424.31
1304.61	182	1465.01	1465.01
1305.11	181.5	1469.56	1469.56
1305.61	181	1462.16	1462.16
1306.11	180.5	1513.32	1513.32
1306.61	180	1488.62	1488.62
1307.11	179.5	1474.8	1474.8
1307.61	179	1522.64	1522.64
1308.11	178.5	1476.86	1476.86
1308.61	178	1469.26	1469.26
1309.11	177.5	1419.22	1419.22
1309.61	177	1462.99	1462.99
1310.11	176.5	1488.44	1488.44
1310.61	176	1488.88	1488.88
1311.11	175.5	1443.77	1443.77
1311.61	175	1475.93	1475.93
1312.11	174.5	1490.41	1490.41
1312.61	174	1469.8	1469.8
1313.11	173.5	1488.28	1488.28
1313.61	173	1435.3	1435.3
1314.11	172.5	1502.38	1502.38
1314.61	172	1516.09	1516.09
1315.11	171.5	1491.53	1491.53
1315.61	171	1463.91	1463.91
1316.11	170.5	1511.62	1511.62
1316.61	170	1453.62	1453.62
1317.11	169.5	1475.24	1475.24
1317.61	169	1548.13	1548.13
1318.11	168.5	1492.71	1492.71
1318.61	168	1511.41	1511.41
1319.11	167.5	1470.62	1470.62
1319.61	167	1461.51	1461.51
1320.11	166.5	1474.91	1474.91
1320.61	166	1532.89	1532.89
1321.11	165.5	1517.6	1517.6
1321.61	165	1480.42	1480.42
1322.11	164.5	1492.82	1492.82
1322.61	164	1519.6	1519.6
1323.11	163.5	1524.68	1524.68
1323.61	163	1550.41	1550.41
1324.11	162.5	1510.53	1510.53
1324.61	162	1518.81	1518.81
1325.11	161.5	1491.03	1491.03
1325.61	161	1486.97	1486.97
1326.11	160.5	1521.66	1521.66
1326.61	160	1491.36	1491.36
1327.11	159.5	1516.57	1516.57
1327.61	159	1520.42	1520.42
1328.11	158.5	1494.16	1494.16
1328.61	158	1542.94	1542.94
1329.11	157.5	1544.29	1544.29
1329.61	157	1557.14	1557.14
1330.11	156.5	1542.92	1542.92
1330.61	156	1532.07	1532.07
1331.11	155.5	1458.61	1458.61
1331.61	155	1542.64	1542.64
1332.11	154.5	1588.77	1588.77
1332.61	154	1588.76	1588.76
1333.11	153.5	1542.97	1542.97
1333.61	153	1481.17	1481.17
1334.11	152.5	1459.46	1459.46
1334.61	152	1520.63	1520.63
1335.11	151.5	1528.78	1528.78
1335.61	151	1570.09	1570.09
1336.11	150.5	1635.44	1635.44
1336.61	150	1562.31	1562.31
1337.11	149.5	1507.9	1507.9
1337.61	149	1532.93	1532.93
1338.11	148.5	1542.54	1542.54
1338.61	148	1588	1588
1339.11	147.5	1624.73	1624.73
1339.61	147	1553.7	1553.7
1340.11	146.5	1620.64	1620.64
1340.61	146	1541.98	1541.98
1341.11	145.5	1526	1526
1341.61	145	1556.93	1556.93
1342.11	144.5	1579.46	1579.46
1342.61	144	1560.81	1560.81
1343.11	143.5	1602.7	1602.7
1343.61	143	1552.87	1552.87
1344.11	142.5	1589.84	1589.84
1344.61	142	1565.9	1565.9
1345.11	141.5	1527.14	1527.14
1345.61	141	1552.59	1552.59
1346.11	140.5	1585.56	1585.56
1346.61	140	1598.94	1598.94
1347.11	139.5	1602.47	1602.47
1347.61	139	1565.59	1565.59
1348.11	138.5	1531.47	1531.47
1348.61	138	1538.43	1538.43
1349.11	137.5	1563.19	1563.19
1349.61	137	1593.69	1593.69
1350.11	136.5	1576.32	1576.32
1350.61	136	1621.39	1621.39
1351.11	135.5	1657.27	1657.27
1351.61	135	1611.32	1611.32
1352.11	134.5	1625.82	1625.82
1352.61	134	1600.93	1600.93
1353.11	133.5	1572.52	1572.52
1353.61	133	1567.24	1567.24
1354.11	132.5	1656.01	1656.01
1354.61	132	1649.22	1649.22
1355.11	131.5	1639.28	1639.28
1355.61	131	1645.8	1645.8
1356.11	130.5	1600.22	1600.22
1356.61	130	1659.76	1659.76
1357.11	129.5	1618.58	1618.58
1357.61	129	1609.52	1609.52
1358.11	128.5	1663.02	1663.02
1358.61	128	1635.51	1635.51
1359.11	127.5	1618.72	1618.72
1359.61	127	1588.17	1588.17
1360.11	126.5	1654.21	1654.21
1360.61	126	1653.29	1653.29
1361.11	125.5	1657.01	1657.01
1361.61	125	1666.54	1666.54
1362.11	124.5	1686.48	1686.48
1362.61	124	1658.41	1658.41
1363.11	123.5	1669.92	1669.92
1363.61	123	1700.27	1700.27
1364.11	122.5	1633.27	1633.27
1364.61	122	1630.16	1630.16
1365.11	121.5	1656.32	1656.32
1365.61	121	1654.67	1654.67
1366.11	120.5	1690.99	1690.99
1366.61	120	1680.94	1680.94
1367.11	119.5	1666.09	1666.09
1367.61	119	1712.44	1712.44
1368.11	118.5	1640.03	1640.03
1368.61	118	1711.99	1711.99
1369.11	117.5	1629.71	1629.71
1369.61	117	1651.44	1651.44
1370.11	116.5	1680.56	1680.56
1370.61	116	1675.66	1675.66
1371.11	115.5	1689.39	1689.39
1371.61	115	1685.58	1685.58
1372.11	114.5	1661.81	1661.81
1372.61	114	1691.3	1691.3
1373.11	113.5	1656.71	1656.71
1373.61	113	1642.98	1642.98
1374.11	112.5	1680.28	1680.28
1374.61	112	1658.26	1658.26
1375.11	111.5	1690.61	1690.61
1375.61	111	1729.32	1729.32
1376.11	110.5	1769.72	1769.72
1376.61	110	1741.4	1741.4
1377.11	109.5	1700.04	1700.04
1377.61	109	1718.89	1718.89
1378.11	108.5	1722.78	1722.78
1378.61	108	1710.14	1710.14
1379.11	107.5	1666.07	1666.07
1379.61	107	1736.51	1736.51
1380.11	106.5	1853.52	1853.52
1380.61	106	1817.76	1817.76
1381.11	105.5	1740.83	1740.83
1381.61	105	1738.84	1738.84
1382.11	104.5	1735.18	1735.18
1382.61	104	1793.74	1793.74
1383.11	103.5	1801.6	1801.6
1383.61	103	1796.46	1796.46
1384.11	102.5	1868.01	1868.01
1384.61	102	1876.04	1876.04
1385.11	101.5	1917.02	1917.02
1385.61	101	1936.76	1936.76
1386.11	100.5	1917.41	1917.41
1386.61	100	2086.98	2086.98
1387.11	99.5	2198.51	2198.51
1387.61	99	2232.39	2232.39
1388.11	98.5	2342.43	2342.43
1388.61	98	2494.6	2494.6
1389.11	97.5	2597.79	2597.79
1389.61	97	2516.02	2516.02
1390.11	96.5	2587.31	2587.31
1390.61	96	2418.57	2418.57
1391.11	95.5	2291.8	2291.8
1391.61	95	2194.07	2194.07
1392.11	94.5	2050.43	2050.43
1392.61	94	1994.51	1994.51
1393.11	93.5	1908.77	1908.77
1393.61	93	1760.33	1760.33
1394.11	92.5	1768.1	1768.1
1394.61	92	1799.03	1799.03
1395.11	91.5	1749.96	1749.96
1395.61	91	1709.52	1709.52
1396.11	90.5	1721.06	1721.06
1396.61	90	1687.8	1687.8
1397.11	89.5	1687.12	1687.12
1397.61	89	1684.92	1684.92
1398.11	88.5	1668.37	1668.37
1398.61	88	1649.93	1649.93
1399.11	87.5	1699.87	1699.87
1399.61	87	1705.81	1705.81
1400.11	86.5	1702.14	1702.14
1400.61	86	1624.46	1624.46
1401.11	85.5	1656.66	1656.66
1401.61	85	1645.08	1645.08
1402.11	84.5	1622.64	1622.64
1402.61	84	1670.48	1670.48
1403.11	83.5	1676.46	1676.46
1403.61	83	1645.3	1645.3
1404.11	82.5	1643.06	1643.06
1404.61	82	1615.31	1615.31
1405.11	81.5	1696.92	1696.92
1405.61	81	1675.43	1675.43
1406.11	80.5	1708.38	1708.38
1406.61	80	1672.83	1672.83
1407.11	79.5	1707.54	1707.54
1407.61	79	1732.34	1732.34
1408.11	78.5	1700.68	1700.68
1408.61	78	1771.69	1771.69
1409.11	77.5	1692.77	1692.77
1409.61	77	1683.11	1683.11
1410.11	76.5	1644.74	1644.74
1410.61	76	1732.43	1732.43
1411.11	75.5	1739.33	1739.33
1411.61	75	1690.86	1690.86
1412.11	74.5	1774.48	1774.48
1412.61	74	1770.78	1770.78
1413.11	73.5	1752.3	1752.3
1413.61	73	1819.56	1819.56
1414.11	72.5	1876.16	1876.16
1414.61	72	1851.58	1851.58
1415.11	71.5	1789.68	1789.68
1415.61	71	1846.89	1846.89
1416.11	70.5	1851.67	1851.67
1416.61	70	1962.03	1962.03
1417.11	69.5	1941.92	1941.92
1417.61	69	1982.36	1982.36
1418.11	68.5	2051.97	2051.97
1418.61	68	2147.33	2147.33
1419.11	67.5	2218.36	2218.36
1419.61	67	2305.93	2305.93
1420.11	66.5	2360.02	2360.02
1420.61	66	2444.56	2444.56
1421.11	65.5	2579.61	2579.61
1421.61	65	2591.18	2591.18
1422.11	64.5	2660.31	2660.31
1422.61	64	2727.57	2727.57
1423.11	63.5	2843.09	2843.09
1423.61	63	2810.79	2810.79
1424.11	62.5	2873.82	2873.82
1424.61	62	2893.31	2893.31
1425.11	61.5	2857.91	2857.91
1425.61	61	2954.37	2954.37
1426.11	60.5	2919.56	2919.56
1426.61	60	2995.36	2995.36
1427.11	59.5	2961.16	2961.16
1427.61	59	2962.73	2962.73
1428.11	58.5	3032.24	3032.24
1428.61	58	3050.28	3050.28
1429.11	57.5	2928.66	2928.66
1429.61	57	2836.06	2836.06
1430.11	56.5	2685.69	2685.69
1430.61	56	2619.58	2619.58
1431.11	55.5	2405.12	2405.12
1431.61	55	2158.12	2158.12
1432.11	54.5	2026.43	2026.43
1432.61	54	1848.29	1848.29
1433.11	53.5	1677.72	1677.72
1433.61	53	1531.51	1531.51
1434.11	52.5	1442.23	1442.23
1434.61	52	1357.28	1357.28
1435.11	51.5	1232.99	1232.99
1435.61	51	1137.89	1137.89
1436.11	50.5	1116.8	1116.8
1436.61	50	1051.33	1051.33
1437.11	49.5	993.021	993.021
1437.61	49	975.792	975.792
1438.11	48.5	924.061	924.061
1438.61	48	886.247	886.247
1439.11	47.5	887.109	887.109
1439.61	47	849.936	849.936
1440.11	46.5	822.44	822.44
1440.61	46	775.152	775.152
1441.11	45.5	753.027	753.027
1441.61	45	806.489	806.489
1442.11	44.5	830.83	830.83
1442.61	44	776.864	776.864
1443.11	43.5	755.189	755.189
1443.61	43	766.26	766.26
1444.11	42.5	798.352	798.352
1444.61	42	806.907	806.907
1445.11	41.5	772.85	772.85
1445.61	41	759.347	759.347
1446.11	40.5	745.819	745.819
1446.61	40	735.146	735.146
1447.11	39.5	793.976	793.976
1447.61	39	754.406	754.406
1448.11	38.5	769.624	769.624
1448.61	38	779.587	779.587
1449.11	37.5	753.426	753.426
1449.61	37	751.021	751.021
1450.11	36.5	759.803	759.803
1450.61	36	785.602	785.602
1451.11	35.5	778.98	778.98
1451.61	35	791.314	791.314
1452.11	34.5	798.717	798.717
1452.61	34	767.02	767.02
1453.11	33.5	737.768	737.768
1453.61	33	781.128	781.128
1454.11	32.5	791.363	791.363
1454.61	32	854.857	854.857
1455.11	31.5	817.834	817.834
1455.61	31	830.382	830.382
1456.11	30.5	831.666	831.666
1456.61	30	826.232	826.232
1457.11	29.5	816.434	816.434
1457.61	29	794.366	794.366
1458.11	28.5	796.017	796.017
1458.61	28	775.014	775.014
1459.11	27.5	767.986	767.986
1459.61	27	732.891	732.891
1460.11	26.5	765.374	765.374
1460.61	26	820.283	820.283
1461.11	25.5	791.069	791.069
1461.61	25	792.511	792.511
1462.11	24.5	826.938	826.938
1462.61	24	829.472	829.472
1463.11	23.5	816.964	816.964
1463.61	23	808.166	808.166
1464.11	22.5	810.422	810.422
1464.61	22	839.083	839.083
1465.11	21.5	831.187	831.187
1465.61	21	786.526	786.526
1466.11	20.5	827.649	827.649
1466.61	20	781.639	781.639
1467.11	19.5	774.524	774.524
1467.61	19	792.604	792.604
1468.11	18.5	755.528	755.528
1468.61	18	767.11	767.11
1469.11	17.5	801.163	801.163
1469.61	17	797.837	797.837
1470.11	16.5	868.288	868.288
1470.61	16	839.012	839.012
1471.11	15.5	843.969	843.969
1471.61	15	852.801	852.801
1472.11	14.5	876.987	876.987
1472.61	14	890.983	890.983
1473.11	13.5	916.739	916.739
1473.61	13	907.041	907.041
1474.11	12.5	908.919	908.919
1474.61	12	863.794	863.794
1475.11	11.5	837.546	837.546
1475.61	11	869.676	869.676
1476.11	10.5	944.78	944.78
1476.61	10	959.65	959.65
1477.11	9.5	943.383	943.383
1477.61	9	1031.06	1031.06
1478.11	8.5	1093.33	1093.33
1478.61	8	1425.42	1425.42
1479.11	7.5	2667.24	2667.24
1479.61	7	4731.03	4731.03
1480.11	6.5	5912.31	5912.31
1480.61	6	6098.81	6098.81
1481.11	5.5	6488.14	6488.14
1481.61	5	7202.97	7202.97
1482.11	4.5	7302.51	7302.51
1482.61	4	5206.09	5206.09
1483.11	3.5	1378.97	1378.97
1483.61	3	435.841	435.841
1484.11	2.5	354.926	354.926
1484.61	2	347.651	347.651
1485.11	1.5	309.801	309.801
1485.61	1	304.659	304.659
1486.11	0.5	307.391	307.391
1486.61	-2.27374e-013	171.304	171.304