c:\users\mark\owncloud\muelheim group\projects\gas phase background\ex340_cec356_ag he arm22.vms
Ag3d
	Characteristic Energy eV	1486.61	Acquisition Time s	2.8
KE_Ag3d	BE_Ag3d	CPS_Ag3d
1036.61	450	6095.57
1036.71	449.9	6114.5
1036.81	449.8	6158.79
1036.91	449.7	6148.18
1037.01	449.6	6095.5
1037.11	449.5	6118.43
1037.21	449.4	6071.82
1037.31	449.3	6016.29
1037.41	449.2	6060.29
1037.51	449.1	6090.93
1037.61	449	6113.79
1037.71	448.9	6120.68
1037.81	448.8	6133.25
1037.91	448.7	6089.04
1038.01	448.6	6148.25
1038.11	448.5	6165.36
1038.21	448.4	6173.04
1038.31	448.3	6159.93
1038.41	448.2	6197.14
1038.51	448.1	6129
1038.61	448	6128.93
1038.71	447.9	6115.25
1038.81	447.8	6149.75
1038.91	447.7	6093.75
1039.01	447.6	6120.21
1039.11	447.5	6104.29
1039.21	447.4	6089.11
1039.31	447.3	6142.54
1039.41	447.2	6085.21
1039.51	447.1	6152.96
1039.61	447	6137
1039.71	446.9	6159.93
1039.81	446.8	6106.32
1039.91	446.7	6154.39
1040.01	446.6	6136.82
1040.11	446.5	6202.39
1040.21	446.4	6180.96
1040.31	446.3	6182.46
1040.41	446.2	6213.29
1040.51	446.1	6111.79
1040.61	446	6132
1040.71	445.9	6099.61
1040.81	445.8	6152
1040.91	445.7	6144.75
1041.01	445.6	6130.68
1041.11	445.5	6200.68
1041.21	445.4	6178.5
1041.31	445.3	6115.04
1041.41	445.2	6088.89
1041.51	445.1	6119.43
1041.61	445	6185.14
1041.71	444.9	6092.46
1041.81	444.8	6169.04
1041.91	444.7	6155.04
1042.01	444.6	6142.07
1042.11	444.5	6150.86
1042.21	444.4	6192.07
1042.31	444.3	6131.21
1042.41	444.2	6088.39
1042.51	444.1	6067.75
1042.61	444	6052.21
1042.71	443.9	6095.5
1042.81	443.8	6174.82
1042.91	443.7	6129.61
1043.01	443.6	6143.93
1043.11	443.5	6129.18
1043.21	443.4	6151.96
1043.31	443.3	6186.82
1043.41	443.2	6135.43
1043.51	443.1	6208.21
1043.61	443	6138
1043.71	442.9	6167.25
1043.81	442.8	6207.82
1043.91	442.7	6172.32
1044.01	442.6	6218.82
1044.11	442.5	6179.5
1044.21	442.4	6155.5
1044.31	442.3	6199.29
1044.41	442.2	6190.04
1044.51	442.1	6176.57
1044.61	442	6096.86
1044.71	441.9	6139.25
1044.81	441.8	6163.68
1044.91	441.7	6220.07
1045.01	441.6	6190.43
1045.11	441.5	6220.11
1045.21	441.4	6150.75
1045.31	441.3	6190.43
1045.41	441.2	6205.75
1045.51	441.1	6158.25
1045.61	441	6142.79
1045.71	440.9	6191
1045.81	440.8	6176.79
1045.91	440.7	6190.89
1046.01	440.6	6148.96
1046.11	440.5	6196.25
1046.21	440.4	6187.29
1046.31	440.3	6111.82
1046.41	440.2	6214.75
1046.51	440.1	6193.61
1046.61	440	6188.82
1046.71	439.9	6142.61
1046.81	439.8	6108.14
1046.91	439.7	6157.46
1047.01	439.6	6200.5
1047.11	439.5	6206
1047.21	439.4	6220.07
1047.31	439.3	6181.29
1047.41	439.2	6147.46
1047.51	439.1	6107.36
1047.61	439	6108.57
1047.71	438.9	6212
1047.81	438.8	6224.11
1047.91	438.7	6236.64
1048.01	438.6	6178.25
1048.11	438.5	6247.57
1048.21	438.4	6107
1048.31	438.3	6172.18
1048.41	438.2	6206.93
1048.51	438.1	6254.21
1048.61	438	6222.07
1048.71	437.9	6227.46
1048.81	437.8	6263.64
1048.91	437.7	6170
1049.01	437.6	6174.18
1049.11	437.5	6196.04
1049.21	437.4	6254.93
1049.31	437.3	6257.64
1049.41	437.2	6307.36
1049.51	437.1	6249.14
1049.61	437	6228.82
1049.71	436.9	6156.36
1049.81	436.8	6130.21
1049.91	436.7	6240.5
1050.01	436.6	6207.43
1050.11	436.5	6185.32
1050.21	436.4	6198.54
1050.31	436.3	6112.21
1050.41	436.2	6145.61
1050.51	436.1	6210.86
1050.61	436	6341.86
1050.71	435.9	6265.61
1050.81	435.8	6239.36
1050.91	435.7	6179.36
1051.01	435.6	6214.79
1051.11	435.5	6215.21
1051.21	435.4	6140.29
1051.31	435.3	6198.04
1051.41	435.2	6206.93
1051.51	435.1	6219.89
1051.61	435	6221.46
1051.71	434.9	6229.96
1051.81	434.8	6214.46
1051.91	434.7	6225.04
1052.01	434.6	6250.64
1052.11	434.5	6165.86
1052.21	434.4	6147.32
1052.31	434.3	6208.5
1052.41	434.2	6138.32
1052.51	434.1	6166.86
1052.61	434	6230.68
1052.71	433.9	6229.32
1052.81	433.8	6229.39
1052.91	433.7	6208.96
1053.01	433.6	6228.36
1053.11	433.5	6240.82
1053.21	433.4	6268.46
1053.31	433.3	6352.07
1053.41	433.2	6283.96
1053.51	433.1	6207.43
1053.61	433	6271.68
1053.71	432.9	6224.82
1053.81	432.8	6131.57
1053.91	432.7	6262.86
1054.01	432.6	6267.07
1054.11	432.5	6208.82
1054.21	432.4	6241.93
1054.31	432.3	6219.96
1054.41	432.2	6215.36
1054.51	432.1	6317.25
1054.61	432	6299.25
1054.71	431.9	6239.46
1054.81	431.8	6290
1054.91	431.7	6267
1055.01	431.6	6238.36
1055.11	431.5	6246.14
1055.21	431.4	6239.54
1055.31	431.3	6230.93
1055.41	431.2	6320.54
1055.51	431.1	6222.43
1055.61	431	6313.18
1055.71	430.9	6276.89
1055.81	430.8	6249.36
1055.91	430.7	6209.43
1056.01	430.6	6231.79
1056.11	430.5	6326.11
1056.21	430.4	6354.5
1056.31	430.3	6264.04
1056.41	430.2	6268.89
1056.51	430.1	6284.96
1056.61	430	6305.21
1056.71	429.9	6327.64
1056.81	429.8	6366.25
1056.91	429.7	6313.61
1057.01	429.6	6213.18
1057.11	429.5	6215.21
1057.21	429.4	6287.71
1057.31	429.3	6316.14
1057.41	429.2	6294.39
1057.51	429.1	6282.64
1057.61	429	6282.71
1057.71	428.9	6267.89
1057.81	428.8	6231.89
1057.91	428.7	6269.82
1058.01	428.6	6301.68
1058.11	428.5	6341.21
1058.21	428.4	6396.36
1058.31	428.3	6389.25
1058.41	428.2	6278.07
1058.51	428.1	6287.61
1058.61	428	6369.36
1058.71	427.9	6355.39
1058.81	427.8	6342.14
1058.91	427.7	6321.61
1059.01	427.6	6383.46
1059.11	427.5	6294.86
1059.21	427.4	6333.39
1059.31	427.3	6371.64
1059.41	427.2	6320.07
1059.51	427.1	6349.75
1059.61	427	6360.18
1059.71	426.9	6336.68
1059.81	426.8	6397.54
1059.91	426.7	6369.86
1060.01	426.6	6290.18
1060.11	426.5	6356.36
1060.21	426.4	6358
1060.31	426.3	6353.86
1060.41	426.2	6301.89
1060.51	426.1	6331.25
1060.61	426	6349.18
1060.71	425.9	6337
1060.81	425.8	6364.46
1060.91	425.7	6324.11
1061.01	425.6	6359.54
1061.11	425.5	6367.32
1061.21	425.4	6348.07
1061.31	425.3	6345.18
1061.41	425.2	6395.71
1061.51	425.1	6340.79
1061.61	425	6412.14
1061.71	424.9	6412.5
1061.81	424.8	6359.46
1061.91	424.7	6434.07
1062.01	424.6	6427.89
1062.11	424.5	6443.82
1062.21	424.4	6436.43
1062.31	424.3	6384.57
1062.41	424.2	6370
1062.51	424.1	6373.18
1062.61	424	6360.11
1062.71	423.9	6408.18
1062.81	423.8	6387.11
1062.91	423.7	6435.39
1063.01	423.6	6369.96
1063.11	423.5	6387.96
1063.21	423.4	6435.82
1063.31	423.3	6487.82
1063.41	423.2	6425.43
1063.51	423.1	6404.32
1063.61	423	6415.61
1063.71	422.9	6513.32
1063.81	422.8	6493.71
1063.91	422.7	6379.61
1064.01	422.6	6421.14
1064.11	422.5	6425.71
1064.21	422.4	6447.39
1064.31	422.3	6473.96
1064.41	422.2	6452.29
1064.51	422.1	6470.46
1064.61	422	6443.43
1064.71	421.9	6476.39
1064.81	421.8	6386.46
1064.91	421.7	6414.89
1065.01	421.6	6413.39
1065.11	421.5	6435.32
1065.21	421.4	6433.43
1065.31	421.3	6389.5
1065.41	421.2	6358.75
1065.51	421.1	6415.39
1065.61	421	6403.71
1065.71	420.9	6502.25
1065.81	420.8	6481.21
1065.91	420.7	6474.21
1066.01	420.6	6491.93
1066.11	420.5	6496.68
1066.21	420.4	6478.11
1066.31	420.3	6454.21
1066.41	420.2	6506.68
1066.51	420.1	6416.04
1066.61	420	6417.36
1066.71	419.9	6418.89
1066.81	419.8	6473.79
1066.91	419.7	6417.43
1067.01	419.6	6390
1067.11	419.5	6473.86
1067.21	419.4	6411.75
1067.31	419.3	6471.71
1067.41	419.2	6419.93
1067.51	419.1	6388.57
1067.61	419	6373.39
1067.71	418.9	6385.32
1067.81	418.8	6393.71
1067.91	418.7	6422.43
1068.01	418.6	6510.61
1068.11	418.5	6497.75
1068.21	418.4	6401.32
1068.31	418.3	6422.96
1068.41	418.2	6459.21
1068.51	418.1	6395.54
1068.61	418	6383.11
1068.71	417.9	6390.68
1068.81	417.8	6436.36
1068.91	417.7	6418.57
1069.01	417.6	6405.96
1069.11	417.5	6423.36
1069.21	417.4	6410.18
1069.31	417.3	6425.54
1069.41	417.2	6469.07
1069.51	417.1	6440.07
1069.61	417	6422.18
1069.71	416.9	6432.04
1069.81	416.8	6516.25
1069.91	416.7	6523.07
1070.01	416.6	6470.64
1070.11	416.5	6535.36
1070.21	416.4	6527.75
1070.31	416.3	6459.32
1070.41	416.2	6454.36
1070.51	416.1	6457.25
1070.61	416	6472.68
1070.71	415.9	6499.86
1070.81	415.8	6448.75
1070.91	415.7	6458.82
1071.01	415.6	6474.21
1071.11	415.5	6414.32
1071.21	415.4	6492.25
1071.31	415.3	6481.57
1071.41	415.2	6526.11
1071.51	415.1	6429.5
1071.61	415	6437.79
1071.71	414.9	6510.39
1071.81	414.8	6523.79
1071.91	414.7	6465.18
1072.01	414.6	6462.25
1072.11	414.5	6493.25
1072.21	414.4	6489.14
1072.31	414.3	6476.07
1072.41	414.2	6498.79
1072.51	414.1	6481.11
1072.61	414	6467.14
1072.71	413.9	6515.39
1072.81	413.8	6451
1072.91	413.7	6531.5
1073.01	413.6	6552.04
1073.11	413.5	6488
1073.21	413.4	6488.11
1073.31	413.3	6466.57
1073.41	413.2	6503.86
1073.51	413.1	6476.43
1073.61	413	6473.79
1073.71	412.9	6507.36
1073.81	412.8	6479.79
1073.91	412.7	6460.18
1074.01	412.6	6480.39
1074.11	412.5	6442.11
1074.21	412.4	6554.04
1074.31	412.3	6505.32
1074.41	412.2	6460.64
1074.51	412.1	6523.68
1074.61	412	6461.89
1074.71	411.9	6456.36
1074.81	411.8	6466.93
1074.91	411.7	6416.64
1075.01	411.6	6476.82
1075.11	411.5	6617.75
1075.21	411.4	6534.71
1075.31	411.3	6525.79
1075.41	411.2	6483.64
1075.51	411.1	6533
1075.61	411	6489.04
1075.71	410.9	6550.89
1075.81	410.8	6580.39
1075.91	410.7	6705.79
1076.01	410.6	6705.61
1076.11	410.5	6593.93
1076.21	410.4	6611.46
1076.31	410.3	6642.71
1076.41	410.2	6587.57
1076.51	410.1	6533.07
1076.61	410	6632.07
1076.71	409.9	6611.93
1076.81	409.8	6587.57
1076.91	409.7	6650.32
1077.01	409.6	6617.32
1077.11	409.5	6635.32
1077.21	409.4	6593.04
1077.31	409.3	6612.07
1077.41	409.2	6621.89
1077.51	409.1	6610.14
1077.61	409	6624.21
1077.71	408.9	6600.79
1077.81	408.8	6605.04
1077.91	408.7	6616.46
1078.01	408.6	6682.79
1078.11	408.5	6664.25
1078.21	408.4	6640.32
1078.31	408.3	6678.61
1078.41	408.2	6582.14
1078.51	408.1	6626.25
1078.61	408	6688.79
1078.71	407.9	6635.21
1078.81	407.8	6628.18
1078.91	407.7	6606.11
1079.01	407.6	6668
1079.11	407.5	6683.29
1079.21	407.4	6616.21
1079.31	407.3	6633.96
1079.41	407.2	6631.5
1079.51	407.1	6674.39
1079.61	407	6677.32
1079.71	406.9	6633.75
1079.81	406.8	6805.5
1079.91	406.7	6710.75
1080.01	406.6	6717.75
1080.11	406.5	6679.32
1080.21	406.4	6669.46
1080.31	406.3	6746.68
1080.41	406.2	6734.25
1080.51	406.1	6746.04
1080.61	406	6713.57
1080.71	405.9	6771.32
1080.81	405.8	6697.93
1080.91	405.7	6747.54
1081.01	405.6	6745.93
1081.11	405.5	6793.36
1081.21	405.4	6782.82
1081.31	405.3	6742.93
1081.41	405.2	6755.11
1081.51	405.1	6742.25
1081.61	405	6813.11
1081.71	404.9	6814.79
1081.81	404.8	6771.61
1081.91	404.7	6813.25
1082.01	404.6	6823.5
1082.11	404.5	6815.36
1082.21	404.4	6922.39
1082.31	404.3	6825.32
1082.41	404.2	6810.89
1082.51	404.1	6840.68
1082.61	404	6829.54
1082.71	403.9	6842.46
1082.81	403.8	6913.57
1082.91	403.7	6823.43
1083.01	403.6	6915.14
1083.11	403.5	6944.21
1083.21	403.4	6988
1083.31	403.3	6894.54
1083.41	403.2	6954.21
1083.51	403.1	6858.68
1083.61	403	6904.79
1083.71	402.9	6918.61
1083.81	402.8	6943.86
1083.91	402.7	6974.86
1084.01	402.6	7015.61
1084.11	402.5	7043.11
1084.21	402.4	6943.11
1084.31	402.3	7018.75
1084.41	402.2	7041.25
1084.51	402.1	7000.04
1084.61	402	6974.21
1084.71	401.9	7060.18
1084.81	401.8	7029.07
1084.91	401.7	7043.57
1085.01	401.6	7042.75
1085.11	401.5	7152.71
1085.21	401.4	7125.64
1085.31	401.3	7110.82
1085.41	401.2	7071.39
1085.51	401.1	7159.29
1085.61	401	7181.5
1085.71	400.9	7185.89
1085.81	400.8	7211.18
1085.91	400.7	7230.32
1086.01	400.6	7267.75
1086.11	400.5	7279.21
1086.21	400.4	7244.18
1086.31	400.3	7357.5
1086.41	400.2	7376.89
1086.51	400.1	7233.68
1086.61	400	7316.43
1086.71	399.9	7334.93
1086.81	399.8	7343.04
1086.91	399.7	7294.71
1087.01	399.6	7366.11
1087.11	399.5	7407.93
1087.21	399.4	7412.61
1087.31	399.3	7395.32
1087.41	399.2	7491.5
1087.51	399.1	7579.5
1087.61	399	7454.39
1087.71	398.9	7416.64
1087.81	398.8	7450.61
1087.91	398.7	7499.86
1088.01	398.6	7404.5
1088.11	398.5	7377.57
1088.21	398.4	7367.32
1088.31	398.3	7454.96
1088.41	398.2	7491.43
1088.51	398.1	7497.61
1088.61	398	7445.79
1088.71	397.9	7420.54
1088.81	397.8	7438.89
1088.91	397.7	7467.29
1089.01	397.6	7569.29
1089.11	397.5	7547.86
1089.21	397.4	7693.68
1089.31	397.3	7653.79
1089.41	397.2	7617.75
1089.51	397.1	7520.25
1089.61	397	7400.82
1089.71	396.9	7332.14
1089.81	396.8	7158.71
1089.91	396.7	7129.64
1090.01	396.6	7162.39
1090.11	396.5	7155.25
1090.21	396.4	7170.18
1090.31	396.3	7205.75
1090.41	396.2	7241.57
1090.51	396.1	7449.57
1090.61	396	7566.5
1090.71	395.9	7919.07
1090.81	395.8	8324.18
1090.91	395.7	8683.71
1091.01	395.6	9138.46
1091.11	395.5	9583.25
1091.21	395.4	9741.93
1091.31	395.3	9426.64
1091.41	395.2	9022.43
1091.51	395.1	8471.93
1091.61	395	8025.96
1091.71	394.9	7792
1091.81	394.8	7636.14
1091.91	394.7	7400.32
1092.01	394.6	7352.89
1092.11	394.5	7346.29
1092.21	394.4	7225.57
1092.31	394.3	7196.21
1092.41	394.2	7295.86
1092.51	394.1	7317.18
1092.61	394	7206.25
1092.71	393.9	7278.75
1092.81	393.8	7321.96
1092.91	393.7	7281.79
1093.01	393.6	7407.89
1093.11	393.5	7343
1093.21	393.4	7254.07
1093.31	393.3	7355.43
1093.41	393.2	7323.89
1093.51	393.1	7328.79
1093.61	393	7304.07
1093.71	392.9	7247.61
1093.81	392.8	7306.82
1093.91	392.7	7301.54
1094.01	392.6	7277.25
1094.11	392.5	7226.93
1094.21	392.4	7296.93
1094.31	392.3	7245.18
1094.41	392.2	7208.93
1094.51	392.1	7232.04
1094.61	392	7265.79
1094.71	391.9	7176.71
1094.81	391.8	7237.39
1094.91	391.7	7215.07
1095.01	391.6	7271.82
1095.11	391.5	7419.54
1095.21	391.4	7430.75
1095.31	391.3	7416.32
1095.41	391.2	7409.89
1095.51	391.1	7145.11
1095.61	391	7000.64
1095.71	390.9	6917.46
1095.81	390.8	6803.25
1095.91	390.7	6683.54
1096.01	390.6	6649.11
1096.11	390.5	6680.68
1096.21	390.4	6644.57
1096.31	390.3	6738.61
1096.41	390.2	6824.93
1096.51	390.1	6973.39
1096.61	390	7189.21
1096.71	389.9	7554.14
1096.81	389.8	8197.21
1096.91	389.7	8828.46
1097.01	389.6	9418.29
1097.11	389.5	9834.64
1097.21	389.4	9887.46
1097.31	389.3	9604.54
1097.41	389.2	9059.36
1097.51	389.1	8276.29
1097.61	389	7680.04
1097.71	388.9	7175.93
1097.81	388.8	6822.71
1097.91	388.7	6683.68
1098.01	388.6	6561.32
1098.11	388.5	6318.25
1098.21	388.4	6363.25
1098.31	388.3	6273.5
1098.41	388.2	6277.64
1098.51	388.1	6154.93
1098.61	388	6177.64
1098.71	387.9	6236.29
1098.81	387.8	6204.32
1098.91	387.7	6174.75
1099.01	387.6	6141.39
1099.11	387.5	6158.75
1099.21	387.4	6173.96
1099.31	387.3	6119
1099.41	387.2	6138.39
1099.51	387.1	6077.57
1099.61	387	6081.79
1099.71	386.9	6075.64
1099.81	386.8	6029.07
1099.91	386.7	6144.43
1100.01	386.6	6091.43
1100.11	386.5	6107.04
1100.21	386.4	6097.46
1100.31	386.3	6029.29
1100.41	386.2	5963.46
1100.51	386.1	5955
1100.61	386	5950.43
1100.71	385.9	5947.89
1100.81	385.8	5885.96
1100.91	385.7	5867.04
1101.01	385.6	5870.29
1101.11	385.5	5855.32
1101.21	385.4	5778.39
1101.31	385.3	5837.61
1101.41	385.2	5802.57
1101.51	385.1	5873.68
1101.61	385	5807.46
1101.71	384.9	5778.89
1101.81	384.8	5707.14
1101.91	384.7	5721.21
1102.01	384.6	5742.46
1102.11	384.5	5789.36
1102.21	384.4	5817.89
1102.31	384.3	5831.14
1102.41	384.2	5758.86
1102.51	384.1	5720.5
1102.61	384	5763.25
1102.71	383.9	5775.54
1102.81	383.8	5796.36
1102.91	383.7	5747.54
1103.01	383.6	5772.82
1103.11	383.5	5754.14
1103.21	383.4	5795.71
1103.31	383.3	5816.79
1103.41	383.2	5820.82
1103.51	383.1	5760.86
1103.61	383	5783.39
1103.71	382.9	5790.75
1103.81	382.8	5822.07
1103.91	382.7	5838.82
1104.01	382.6	5821.89
1104.11	382.5	5872.04
1104.21	382.4	5875.5
1104.31	382.3	5886.57
1104.41	382.2	5891.96
1104.51	382.1	5816.43
1104.61	382	5832
1104.71	381.9	5744.68
1104.81	381.8	5839
1104.91	381.7	5808.71
1105.01	381.6	5800.04
1105.11	381.5	5748.64
1105.21	381.4	5708.71
1105.31	381.3	5773.75
1105.41	381.2	5632.96
1105.51	381.1	5700.07
1105.61	381	5659
1105.71	380.9	5569.14
1105.81	380.8	5566.21
1105.91	380.7	5625.39
1106.01	380.6	5572.5
1106.11	380.5	5524.75
1106.21	380.4	5436.75
1106.31	380.3	5443.46
1106.41	380.2	5467.64
1106.51	380.1	5422.04
1106.61	380	5361.68
1106.71	379.9	5340.46
1106.81	379.8	5389.04
1106.91	379.7	5305
1107.01	379.6	5306.39
1107.11	379.5	5412.93
1107.21	379.4	5346.57
1107.31	379.3	5446.71
1107.41	379.2	5437.93
1107.51	379.1	5414.21
1107.61	379	5345.96
1107.71	378.9	5482
1107.81	378.8	5510.25
1107.91	378.7	5559.21
1108.01	378.6	5652.57
1108.11	378.5	5808.54
1108.21	378.4	5843.04
1108.31	378.3	5968.96
1108.41	378.2	6064.07
1108.51	378.1	6174.86
1108.61	378	6270.75
1108.71	377.9	6238.25
1108.81	377.8	6243.57
1108.91	377.7	6171.04
1109.01	377.6	6027.11
1109.11	377.5	5862.68
1109.21	377.4	5749.68
1109.31	377.3	5728.71
1109.41	377.2	5541.75
1109.51	377.1	5590.29
1109.61	377	5607.25
1109.71	376.9	5656.93
1109.81	376.8	5729.86
1109.91	376.7	5722.71
1110.01	376.6	5809.25
1110.11	376.5	5880.89
1110.21	376.4	5897.61
1110.31	376.3	6033
1110.41	376.2	6136.82
1110.51	376.1	6280.61
1110.61	376	6427.79
1110.71	375.9	6648.43
1110.81	375.8	6771.71
1110.91	375.7	6989.64
1111.01	375.6	7381.29
1111.11	375.5	7737.07
1111.21	375.4	8110.82
1111.31	375.3	8671.39
1111.41	375.2	9531.75
1111.51	375.1	10621.6
1111.61	375	12246.4
1111.71	374.9	14884.5
1111.81	374.8	18680.4
1111.91	374.7	24254.2
1112.01	374.6	32176.6
1112.11	374.5	42186.1
1112.21	374.4	52576.4
1112.31	374.3	60368.9
1112.41	374.2	62742.9
1112.51	374.1	58897.9
1112.61	374	49745.7
1112.71	373.9	38027.5
1112.81	373.8	26349.3
1112.91	373.7	17817.4
1113.01	373.6	12615.6
1113.11	373.5	9562.96
1113.21	373.4	7802.61
1113.31	373.3	6770.82
1113.41	373.2	5990.07
1113.51	373.1	5596.04
1113.61	373	5291.07
1113.71	372.9	5058.61
1113.81	372.8	4893.04
1113.91	372.7	4948.93
1114.01	372.6	4848.75
1114.11	372.5	4917.07
1114.21	372.4	5013.93
1114.31	372.3	5189.46
1114.41	372.2	5336.96
1114.51	372.1	5374.11
1114.61	372	5401.32
1114.71	371.9	5357.46
1114.81	371.8	5239.11
1114.91	371.7	5073.14
1115.01	371.6	4767.61
1115.11	371.5	4529.75
1115.21	371.4	4290.68
1115.31	371.3	4177.57
1115.41	371.2	4019.93
1115.51	371.1	3957.04
1115.61	371	3941.93
1115.71	370.9	3916.29
1115.81	370.8	3971.61
1115.91	370.7	3973.11
1116.01	370.6	4033.07
1116.11	370.5	4154.32
1116.21	370.4	4301.54
1116.31	370.3	4372.75
1116.41	370.2	4503.93
1116.51	370.1	4766.89
1116.61	370	4963.93
1116.71	369.9	5256.07
1116.81	369.8	5566.14
1116.91	369.7	5890.39
1117.01	369.6	6385.75
1117.11	369.5	6883.54
1117.21	369.4	7622.43
1117.31	369.3	8516.21
1117.41	369.2	9734.54
1117.51	369.1	11332.3
1117.61	369	13834.8
1117.71	368.9	17633.6
1117.81	368.8	23003.4
1117.91	368.7	31115.4
1118.01	368.6	42674.3
1118.11	368.5	56836.1
1118.21	368.4	71749.3
1118.31	368.3	83244.6
1118.41	368.2	86781.1
1118.51	368.1	81086.8
1118.61	368	68502.9
1118.71	367.9	51747.9
1118.81	367.8	34866.9
1118.91	367.7	22648
1119.01	367.6	14743.3
1119.11	367.5	10183.6
1119.21	367.4	7572.25
1119.31	367.3	5917.14
1119.41	367.2	4812.29
1119.51	367.1	4063.04
1119.61	367	3532.58
1119.71	366.9	3055.69
1119.81	366.8	2872.8
1119.91	366.7	2590.62
1120.01	366.6	2390.19
1120.11	366.5	2259.97
1120.21	366.4	2124.9
1120.31	366.3	2021.39
1120.41	366.2	1935.87
1120.51	366.1	1847.8
1120.61	366	1798.39
1120.71	365.9	1721.43
1120.81	365.8	1642.15
1120.91	365.7	1599.63
1121.01	365.6	1588.2
1121.11	365.5	1532.35
1121.21	365.4	1499.14
1121.31	365.3	1440.46
1121.41	365.2	1415.98
1121.51	365.1	1391.14
1121.61	365	1375.66
1121.71	364.9	1378.64
1121.81	364.8	1335.6
1121.91	364.7	1289.91
1122.01	364.6	1266.65
1122.11	364.5	1260.23
1122.21	364.4	1243.43
1122.31	364.3	1233.98
1122.41	364.2	1230.45
1122.51	364.1	1187.58
1122.61	364	1176.39
1122.71	363.9	1166.05
1122.81	363.8	1150.78
1122.91	363.7	1160.09
1123.01	363.6	1135.38
1123.11	363.5	1122.54
1123.21	363.4	1144.61
1123.31	363.3	1127.6
1123.41	363.2	1118.08
1123.51	363.1	1112.21
1123.61	363	1090.48
1123.71	362.9	1121.92
1123.81	362.8	1113.32
1123.91	362.7	1091.9
1124.01	362.6	1092.27
1124.11	362.5	1088.9
1124.21	362.4	1069.48
1124.31	362.3	1062.93
1124.41	362.2	1063.7
1124.51	362.1	1039.8
1124.61	362	1044.15
1124.71	361.9	1044.43
1124.81	361.8	1024.49
1124.91	361.7	1029.73
1125.01	361.6	1017.82
1125.11	361.5	1022.16
1125.21	361.4	1022.63
1125.31	361.3	999.954
1125.41	361.2	1023.61
1125.51	361.1	1006.47
1125.61	361	1018.75
1125.71	360.9	1003.65
1125.81	360.8	1013.63
1125.91	360.7	990.564
1126.01	360.6	1018.14
1126.11	360.5	1004.6
1126.21	360.4	1008.53
1126.31	360.3	1001.69
1126.41	360.2	993.132
1126.51	360.1	986.032
1126.61	360	991.186
1126.71	359.9	999.314
1126.81	359.8	1006.51
1126.91	359.7	985.611
1127.01	359.6	990.35
1127.11	359.5	1005.16
1127.21	359.4	1022.46
1127.31	359.3	990.336
1127.41	359.2	963.861
1127.51	359.1	965.164
1127.61	359	967.846
1127.71	358.9	990.671
1127.81	358.8	989.836
1127.91	358.7	981.707
1128.01	358.6	978.696
1128.11	358.5	997.221
1128.21	358.4	984.114
1128.31	358.3	980.929
1128.41	358.2	982.864
1128.51	358.1	976.796
1128.61	358	990.675
1128.71	357.9	968.857
1128.81	357.8	961.611
1128.91	357.7	952.607
1129.01	357.6	982.671
1129.11	357.5	985.55
1129.21	357.4	980.629
1129.31	357.3	949.893
1129.41	357.2	962.411
1129.51	357.1	970.171
1129.61	357	963.132
1129.71	356.9	970.45
1129.81	356.8	964.704
1129.91	356.7	963.354
1130.01	356.6	991.293
1130.11	356.5	1000.04
1130.21	356.4	980.736
1130.31	356.3	973.311
1130.41	356.2	941.689
1130.51	356.1	923.414
1130.61	356	951.143
1130.71	355.9	963.389
1130.81	355.8	982.543
1130.91	355.7	959.054
1131.01	355.6	972.518
1131.11	355.5	994.161
1131.21	355.4	977.768
1131.31	355.3	970.146
1131.41	355.2	969.064
1131.51	355.1	968.868
1131.61	355	983.864
1131.71	354.9	979.054
1131.81	354.8	956.043
1131.91	354.7	940.832
1132.01	354.6	940.539
1132.11	354.5	955.254
1132.21	354.4	956.271
1132.31	354.3	980.375
1132.41	354.2	961.821
1132.51	354.1	970.161
1132.61	354	993.868
1132.71	353.9	976.157
1132.81	353.8	929.75
1132.91	353.7	964.054
1133.01	353.6	940.65
1133.11	353.5	963.018
1133.21	353.4	975.15
1133.31	353.3	968.786
1133.41	353.2	963.021
1133.51	353.1	962.557
1133.61	353	963.661
1133.71	352.9	973.811
1133.81	352.8	1017.15
1133.91	352.7	985.739
1134.01	352.6	973.643
1134.11	352.5	973.796
1134.21	352.4	956.982
1134.31	352.3	960.907
1134.41	352.2	953.286
1134.51	352.1	945.989
1134.61	352	977.225
1134.71	351.9	970.271
1134.81	351.8	964.343
1134.91	351.7	956.4
1135.01	351.6	975.271
1135.11	351.5	969.646
1135.21	351.4	962.157
1135.31	351.3	981.868
1135.41	351.2	948.218
1135.51	351.1	953.532
1135.61	351	967.996
1135.71	350.9	971.421
1135.81	350.8	990.339
1135.91	350.7	958.275
1136.01	350.6	978.043
1136.11	350.5	979.757
1136.21	350.4	992.907
1136.31	350.3	929.271
1136.41	350.2	959.239
1136.51	350.1	956.379
1136.61	350	970.579