c:\users\mark\owncloud\muelheim group\projects\gas phase background\ex340_cec356_ag he arm22.vms
Pr:Ag3p
	Characteristic Energy eV	1486.61	Acquisition Time s	1
KE_Pr:Ag3p	BE_Pr:Ag3p	CPS_Pr:Ag3p
686.61	800	2827.91
686.71	799.9	2708.85
686.81	799.8	2754.35
686.91	799.7	2651.43
687.01	799.6	2657.99
687.11	799.5	2748.22
687.21	799.4	2715.06
687.31	799.3	2642.9
687.41	799.2	2662.39
687.51	799.1	2681.56
687.61	799	2717.13
687.71	798.9	2771.34
687.81	798.8	2755.07
687.91	798.7	2661.45
688.01	798.6	2607.62
688.11	798.5	2698.37
688.21	798.4	2732.58
688.31	798.3	2739.79
688.41	798.2	2675.08
688.51	798.1	2683.65
688.61	798	2632.96
688.71	797.9	2611.65
688.81	797.8	2766.66
688.91	797.7	2597.48
689.01	797.6	2654.26
689.11	797.5	2657.74
689.21	797.4	2692.76
689.31	797.3	2746.79
689.41	797.2	2559.41
689.51	797.1	2558.58
689.61	797	2912.26
689.71	796.9	2647.19
689.81	796.8	2623.66
689.91	796.7	2653.79
690.01	796.6	2691.28
690.11	796.5	2599.03
690.21	796.4	2657.54
690.31	796.3	2642.85
690.41	796.2	2699.74
690.51	796.1	2811.11
690.61	796	2744.48
690.71	795.9	2592.82
690.81	795.8	2626.83
690.91	795.7	2631.56
691.01	795.6	2672.09
691.11	795.5	2574.42
691.21	795.4	2678.74
691.31	795.3	2772.32
691.41	795.2	2671.79
691.51	795.1	2666.85
691.61	795	2670.71
691.71	794.9	2594.86
691.81	794.8	2690.46
691.91	794.7	2642.48
692.01	794.6	2572.66
692.11	794.5	2739.02
692.21	794.4	2658.57
692.31	794.3	2821.6
692.41	794.2	2767.9
692.51	794.1	2766.08
692.61	794	2797.16
692.71	793.9	2784.86
692.81	793.8	2681.97
692.91	793.7	2759.54
693.01	793.6	2653.99
693.11	793.5	2703.75
693.21	793.4	2640.13
693.31	793.3	2745.5
693.41	793.2	2771.59
693.51	793.1	2777.06
693.61	793	2694.13
693.71	792.9	2714.97
693.81	792.8	2595.11
693.91	792.7	2766.53
694.01	792.6	2686.02
694.11	792.5	2664.76
694.21	792.4	2675.54
694.31	792.3	2646.18
694.41	792.2	2750.29
694.51	792.1	2804.72
694.61	792	2637.13
694.71	791.9	2733.41
694.81	791.8	2765.1
694.91	791.7	2908.52
695.01	791.6	2690.81
695.11	791.5	2747.84
695.21	791.4	2792.67
695.31	791.3	2783.25
695.41	791.2	2812.16
695.51	791.1	2781.24
695.61	791	2839.25
695.71	790.9	2734.56
695.81	790.8	2781.93
695.91	790.7	2867.23
696.01	790.6	2781.29
696.11	790.5	2836.88
696.21	790.4	2819.77
696.31	790.3	2741.72
696.41	790.2	2751.63
696.51	790.1	2685.16
696.61	790	2794.8
696.71	789.9	2753.03
696.81	789.8	2651.11
696.91	789.7	2718.58
697.01	789.6	2718.53
697.11	789.5	2660.75
697.21	789.4	2668.05
697.31	789.3	2617.45
697.41	789.2	2674.48
697.51	789.1	2763.62
697.61	789	2793.51
697.71	788.9	2750.01
697.81	788.8	2786.56
697.91	788.7	2747.48
698.01	788.6	2722.2
698.11	788.5	2813.48
698.21	788.4	2775.36
698.31	788.3	2634.66
698.41	788.2	2615.85
698.51	788.1	2697.31
698.61	788	2807.61
698.71	787.9	2872.72
698.81	787.8	2848.24
698.91	787.7	2601.45
699.01	787.6	2740.72
699.11	787.5	2771.28
699.21	787.4	2626.51
699.31	787.3	2685.99
699.41	787.2	2810.49
699.51	787.1	2769.75
699.61	787	2729.59
699.71	786.9	2771.57
699.81	786.8	2807.9
699.91	786.7	2740.51
700.01	786.6	2742.17
700.11	786.5	2811.96
700.21	786.4	2709.31
700.31	786.3	2631.25
700.41	786.2	2796.55
700.51	786.1	2744.7
700.61	786	2697.27
700.71	785.9	2768.95
700.81	785.8	2868.27
700.91	785.7	2778.83
701.01	785.6	2767.72
701.11	785.5	2780.14
701.21	785.4	2838.44
701.31	785.3	2759.32
701.41	785.2	2782.28
701.51	785.1	2748.63
701.61	785	2889.48
701.71	784.9	2766.94
701.81	784.8	2666.86
701.91	784.7	2785.02
702.01	784.6	2732.59
702.11	784.5	2793.5
702.21	784.4	2868.71
702.31	784.3	2860.64
702.41	784.2	2760.83
702.51	784.1	2782.77
702.61	784	2910.43
702.71	783.9	2776.08
702.81	783.8	2719.74
702.91	783.7	2685.17
703.01	783.6	2681.16
703.11	783.5	2806.81
703.21	783.4	2835.98
703.31	783.3	2827.66
703.41	783.2	2890.95
703.51	783.1	2731.23
703.61	783	2745.78
703.71	782.9	2837.27
703.81	782.8	2930.23
703.91	782.7	2882.22
704.01	782.6	2772.45
704.11	782.5	2789.43
704.21	782.4	2747.38
704.31	782.3	2865.51
704.41	782.2	2877.61
704.51	782.1	2747.08
704.61	782	2737.18
704.71	781.9	2597.78
704.81	781.8	2690.39
704.91	781.7	2732.32
705.01	781.6	2926.34
705.11	781.5	2827.65
705.21	781.4	2884.7
705.31	781.3	2770.61
705.41	781.2	2787.51
705.51	781.1	2858.72
705.61	781	2688.93
705.71	780.9	2711.96
705.81	780.8	2879
705.91	780.7	2928.65
706.01	780.6	2839.14
706.11	780.5	2763.89
706.21	780.4	2867.12
706.31	780.3	2689.6
706.41	780.2	2714.51
706.51	780.1	2675.41
706.61	780	2767.53
706.71	779.9	2867.08
706.81	779.8	2960.12
706.91	779.7	2911.52
707.01	779.6	2800.73
707.11	779.5	2848.95
707.21	779.4	2774.9
707.31	779.3	2690.7
707.41	779.2	2831.59
707.51	779.1	2826.86
707.61	779	2768.74
707.71	778.9	2832.31
707.81	778.8	2939.01
707.91	778.7	2816
708.01	778.6	2874.78
708.11	778.5	2929.98
708.21	778.4	2928.93
708.31	778.3	2740.27
708.41	778.2	2566.43
708.51	778.1	2847.4
708.61	778	2811.54
708.71	777.9	2895.2
708.81	777.8	2910.78
708.91	777.7	2762.7
709.01	777.6	2805.15
709.11	777.5	2753.15
709.21	777.4	2774.81
709.31	777.3	2795.63
709.41	777.2	2745.44
709.51	777.1	2934.71
709.61	777	2913.78
709.71	776.9	2770.56
709.81	776.8	2769.81
709.91	776.7	2746.6
710.01	776.6	2865.3
710.11	776.5	2804.96
710.21	776.4	2913.38
710.31	776.3	2835.27
710.41	776.2	2860.41
710.51	776.1	2837.21
710.61	776	2771.24
710.71	775.9	2773.65
710.81	775.8	2823.66
710.91	775.7	2763.75
711.01	775.6	2787.01
711.11	775.5	2813.78
711.21	775.4	2910.68
711.31	775.3	2863.75
711.41	775.2	2860.84
711.51	775.1	2908.26
711.61	775	2866.34
711.71	774.9	2946.71
711.81	774.8	2819.92
711.91	774.7	2774.36
712.01	774.6	2926.08
712.11	774.5	2868.5
712.21	774.4	2944.14
712.31	774.3	2781.31
712.41	774.2	2822.63
712.51	774.1	2715.06
712.61	774	2897.24
712.71	773.9	2922.39
712.81	773.8	2940.8
712.91	773.7	2974.8
713.01	773.6	2771.28
713.11	773.5	2821.54
713.21	773.4	2927.64
713.31	773.3	2921.89
713.41	773.2	2876.88
713.51	773.1	2882.82
713.61	773	2843.85
713.71	772.9	2922.73
713.81	772.8	2900.24
713.91	772.7	2960.14
714.01	772.6	2937.73
714.11	772.5	2839.57
714.21	772.4	2750.85
714.31	772.3	2846.07
714.41	772.2	2856.37
714.51	772.1	2852.69
714.61	772	2848.21
714.71	771.9	2913.66
714.81	771.8	2951.94
714.91	771.7	2904.47
715.01	771.6	2899.89
715.11	771.5	3055.3
715.21	771.4	2995.83
715.31	771.3	2909.97
715.41	771.2	2825.72
715.51	771.1	2902.21
715.61	771	2881.39
715.71	770.9	2913.19
715.81	770.8	2863.17
715.91	770.7	3044.51
716.01	770.6	2882.54
716.11	770.5	2893.09
716.21	770.4	2847.92
716.31	770.3	2934.05
716.41	770.2	3045.26
716.51	770.1	2910.49
716.61	770	2843.94
716.71	769.9	2863.38
716.81	769.8	2836.34
716.91	769.7	2870.07
717.01	769.6	2919.86
717.11	769.5	2821.86
717.21	769.4	2897.13
717.31	769.3	2972.09
717.41	769.2	2956.44
717.51	769.1	2847.61
717.61	769	2796.92
717.71	768.9	2750.24
717.81	768.8	2877.11
717.91	768.7	2996.78
718.01	768.6	3015.12
718.11	768.5	2937.57
718.21	768.4	2879.92
718.31	768.3	2893.24
718.41	768.2	2838.01
718.51	768.1	2847.47
718.61	768	2990.53
718.71	767.9	3068.75
718.81	767.8	2979.9
718.91	767.7	2831.87
719.01	767.6	2875.84
719.11	767.5	2896.14
719.21	767.4	2731.28
719.31	767.3	2786.41
719.41	767.2	2875.51
719.51	767.1	2902.15
719.61	767	2989.72
719.71	766.9	3057.59
719.81	766.8	3052
719.91	766.7	2981.51
720.01	766.6	2860.6
720.11	766.5	3005.08
720.21	766.4	2979.06
720.31	766.3	2901.03
720.41	766.2	2971.05
720.51	766.1	2894.13
720.61	766	2913.41
720.71	765.9	3015.79
720.81	765.8	2984.31
720.91	765.7	2937.82
721.01	765.6	2978.78
721.11	765.5	3028.78
721.21	765.4	2959.26
721.31	765.3	2958.92
721.41	765.2	2940.83
721.51	765.1	2901.25
721.61	765	2925.89
721.71	764.9	2880.35
721.81	764.8	3039.79
721.91	764.7	2892.62
722.01	764.6	2895.18
722.11	764.5	2918.89
722.21	764.4	2897.47
722.31	764.3	2907.82
722.41	764.2	2980.17
722.51	764.1	2950.79
722.61	764	2852.44
722.71	763.9	2967.88
722.81	763.8	3022.73
722.91	763.7	2957.95
723.01	763.6	3091.57
723.11	763.5	3012.52
723.21	763.4	2910.17
723.31	763.3	2996.3
723.41	763.2	3028.49
723.51	763.1	2941.01
723.61	763	2877.4
723.71	762.9	2941.33
723.81	762.8	3005.74
723.91	762.7	3084.44
724.01	762.6	3085.31
724.11	762.5	3006.54
724.21	762.4	3053.59
724.31	762.3	3056.4
724.41	762.2	3069.64
724.51	762.1	2889.97
724.61	762	3051.89
724.71	761.9	3041.96
724.81	761.8	2978.49
724.91	761.7	2935.54
725.01	761.6	2942.15
725.11	761.5	3016.82
725.21	761.4	2907.75
725.31	761.3	2938.87
725.41	761.2	3059.25
725.51	761.1	3039.21
725.61	761	3047.14
725.71	760.9	2977.2
725.81	760.8	2865.78
725.91	760.7	2972.25
726.01	760.6	3108.76
726.11	760.5	3151.25
726.21	760.4	3064.97
726.31	760.3	3030.36
726.41	760.2	3000.13
726.51	760.1	2972.45
726.61	760	3050.45
726.71	759.9	3073.23
726.81	759.8	3055.65
726.91	759.7	3048.4
727.01	759.6	2988.46
727.11	759.5	2984.68
727.21	759.4	2888.64
727.31	759.3	2956.1
727.41	759.2	2957.62
727.51	759.1	2998.8
727.61	759	3013.44
727.71	758.9	3048.27
727.81	758.8	3029.58
727.91	758.7	3001.86
728.01	758.6	3041.69
728.11	758.5	2924.28
728.21	758.4	2914.53
728.31	758.3	3086.81
728.41	758.2	3056.82
728.51	758.1	3160.52
728.61	758	3148.76
728.71	757.9	3025.06
728.81	757.8	3097.45
728.91	757.7	2979.36
729.01	757.6	2888.61
729.11	757.5	3057.49
729.21	757.4	2968.07
729.31	757.3	3033.97
729.41	757.2	3112.92
729.51	757.1	3066.16
729.61	757	3055.32
729.71	756.9	3025.29
729.81	756.8	2972.12
729.91	756.7	2993.99
730.01	756.6	3023.02
730.11	756.5	3148.04
730.21	756.4	2995.36
730.31	756.3	3045.55
730.41	756.2	2972.31
730.51	756.1	2998.79
730.61	756	3069.43
730.71	755.9	3057.21
730.81	755.8	3056.92
730.91	755.7	2979.75
731.01	755.6	2974.1
731.11	755.5	3016.55
731.21	755.4	2967.25
731.31	755.3	3100.59
731.41	755.2	3046.28
731.51	755.1	2962.65
731.61	755	3047.98
731.71	754.9	3084.62
731.81	754.8	3173.97
731.91	754.7	3154.11
732.01	754.6	3064.91
732.11	754.5	3128.54
732.21	754.4	3075.34
732.31	754.3	2953.28
732.41	754.2	3015.52
732.51	754.1	3099.58
732.61	754	3098.98
732.71	753.9	3100.61
732.81	753.8	3104.96
732.91	753.7	3178.42
733.01	753.6	3127.48
733.11	753.5	3068.59
733.21	753.4	3199.18
733.31	753.3	2957.55
733.41	753.2	3035.9
733.51	753.1	3123.75
733.61	753	3200.47
733.71	752.9	3063.1
733.81	752.8	3174.75
733.91	752.7	3219.05
734.01	752.6	3038.62
734.11	752.5	3059.19
734.21	752.4	3234.8
734.31	752.3	3220.19
734.41	752.2	3089.18
734.51	752.1	3121.13
734.61	752	3111.04
734.71	751.9	3100.33
734.81	751.8	3092.89
734.91	751.7	3170.62
735.01	751.6	3196.41
735.11	751.5	3154.52
735.21	751.4	3249.38
735.31	751.3	3150.79
735.41	751.2	3070.33
735.51	751.1	3177.04
735.61	751	3094.96
735.71	750.9	3161.69
735.81	750.8	3157.57
735.91	750.7	3125.26
736.01	750.6	3119.99
736.11	750.5	3208.39
736.21	750.4	3069.55
736.31	750.3	3077
736.41	750.2	3138.39
736.51	750.1	3007.12
736.61	750	3141.91
736.71	749.9	3131.82
736.81	749.8	3156.4
736.91	749.7	3115.76
737.01	749.6	3096.13
737.11	749.5	3201.17
737.21	749.4	3140.38
737.31	749.3	3216.52
737.41	749.2	3174.85
737.51	749.1	3220.51
737.61	749	3124.44
737.71	748.9	3091.54
737.81	748.8	3367.3
737.91	748.7	3247.08
738.01	748.6	3244.74
738.11	748.5	3238.15
738.21	748.4	3149.24
738.31	748.3	3257.04
738.41	748.2	3162.92
738.51	748.1	3074.05
738.61	748	3222.46
738.71	747.9	3194.77
738.81	747.8	3229.1
738.91	747.7	3100.79
739.01	747.6	3149.93
739.11	747.5	3245.67
739.21	747.4	3308.18
739.31	747.3	3203.89
739.41	747.2	3104.47
739.51	747.1	3068.32
739.61	747	3237.55
739.71	746.9	3217.98
739.81	746.8	3207.54
739.91	746.7	3291.52
740.01	746.6	3146.58
740.11	746.5	3141.58
740.21	746.4	3181.25
740.31	746.3	3278.59
740.41	746.2	3167.51
740.51	746.1	3238.56
740.61	746	3236.75
740.71	745.9	3231.18
740.81	745.8	3226.25
740.91	745.7	3209.27
741.01	745.6	3384.97
741.11	745.5	3259.99
741.21	745.4	3276.89
741.31	745.3	3318.68
741.41	745.2	3362.95
741.51	745.1	3305.42
741.61	745	3265.34
741.71	744.9	3264.52
741.81	744.8	3254.23
741.91	744.7	3287.87
742.01	744.6	3231.24
742.11	744.5	3210.03
742.21	744.4	3266.29
742.31	744.3	3259.15
742.41	744.2	3332.98
742.51	744.1	3196.99
742.61	744	3298.49
742.71	743.9	3268.1
742.81	743.8	3261.04
742.91	743.7	3239.49
743.01	743.6	3252.18
743.11	743.5	3255.77
743.21	743.4	3262.05
743.31	743.3	3337.71
743.41	743.2	3314.88
743.51	743.1	3373.42
743.61	743	3334.39
743.71	742.9	3190
743.81	742.8	3215.8
743.91	742.7	3332.72
744.01	742.6	3207.92
744.11	742.5	3226.66
744.21	742.4	3251.49
744.31	742.3	3270.6
744.41	742.2	3223.01
744.51	742.1	3172.41
744.61	742	3193.15
744.71	741.9	3097.83
744.81	741.8	3312.55
744.91	741.7	3276.72
745.01	741.6	3312.18
745.11	741.5	3299.59
745.21	741.4	3216.31
745.31	741.3	3273.79
745.41	741.2	3486.15
745.51	741.1	3339.29
745.61	741	3377.56
745.71	740.9	3293.64
745.81	740.8	3359.12
745.91	740.7	3261.09
746.01	740.6	3270.45
746.11	740.5	3372.65
746.21	740.4	3306.53
746.31	740.3	3344.67
746.41	740.2	3408.56
746.51	740.1	3355.33
746.61	740	3382.27
746.71	739.9	3388.91
746.81	739.8	3416.84
746.91	739.7	3374.94
747.01	739.6	3388.07
747.11	739.5	3380.62
747.21	739.4	3297.2
747.31	739.3	3280.44
747.41	739.2	3472.77
747.51	739.1	3283.79
747.61	739	3455.99
747.71	738.9	3327.01
747.81	738.8	3246.04
747.91	738.7	3309.62
748.01	738.6	3240.61
748.11	738.5	3374.65
748.21	738.4	3377.76
748.31	738.3	3531.31
748.41	738.2	3445.55
748.51	738.1	3307.89
748.61	738	3314.94
748.71	737.9	3345.56
748.81	737.8	3359.59
748.91	737.7	3294.39
749.01	737.6	3314.88
749.11	737.5	3360.78
749.21	737.4	3318.93
749.31	737.3	3323.89
749.41	737.2	3303.38
749.51	737.1	3491.97
749.61	737	3483.4
749.71	736.9	3313.9
749.81	736.8	3199.08
749.91	736.7	3412.02
750.01	736.6	3491.31
750.11	736.5	3506.45
750.21	736.4	3331.22
750.31	736.3	3504.48
750.41	736.2	3404.49
750.51	736.1	3298.99
750.61	736	3259.32
750.71	735.9	3376.35
750.81	735.8	3343.66
750.91	735.7	3337.34
751.01	735.6	3409.17
751.11	735.5	3465.17
751.21	735.4	3487.65
751.31	735.3	3341.12
751.41	735.2	3441.03
751.51	735.1	3456.79
751.61	735	3477.33
751.71	734.9	3445.24
751.81	734.8	3327.25
751.91	734.7	3393.89
752.01	734.6	3405.67
752.11	734.5	3367.28
752.21	734.4	3348.51
752.31	734.3	3360.66
752.41	734.2	3373.08
752.51	734.1	3423.24
752.61	734	3403.56
752.71	733.9	3404.6
752.81	733.8	3353.3
752.91	733.7	3321.77
753.01	733.6	3362.23
753.11	733.5	3497.45
753.21	733.4	3416.82
753.31	733.3	3312.18
753.41	733.2	3346.86
753.51	733.1	3364.68
753.61	733	3452.36
753.71	732.9	3548.01
753.81	732.8	3450.53
753.91	732.7	3492.73
754.01	732.6	3545.22
754.11	732.5	3485.94
754.21	732.4	3455.57
754.31	732.3	3356.92
754.41	732.2	3457.87
754.51	732.1	3528.12
754.61	732	3447.99
754.71	731.9	3542.03
754.81	731.8	3447.61
754.91	731.7	3501.96
755.01	731.6	3487.51
755.11	731.5	3451.57
755.21	731.4	3385.99
755.31	731.3	3457.68
755.41	731.2	3653.86
755.51	731.1	3568.23
755.61	731	3478.75
755.71	730.9	3431.92
755.81	730.8	3502
755.91	730.7	3500.06
756.01	730.6	3633.48
756.11	730.5	3501.44
756.21	730.4	3468.45
756.31	730.3	3484.79
756.41	730.2	3512.09
756.51	730.1	3486.83
756.61	730	3582.32
756.71	729.9	3590.75
756.81	729.8	3474.93
756.91	729.7	3490.27
757.01	729.6	3408.78
757.11	729.5	3496.99
757.21	729.4	3429.03
757.31	729.3	3454.06
757.41	729.2	3486.32
757.51	729.1	3602.8
757.61	729	3554.57
757.71	728.9	3600.88
757.81	728.8	3767.92
757.91	728.7	3697.74
758.01	728.6	3584.84
758.11	728.5	3716.25
758.21	728.4	3633.28
758.31	728.3	3620.12
758.41	728.2	3641.99
758.51	728.1	3526.47
758.61	728	3546.05
758.71	727.9	3658.09
758.81	727.8	3755.28
758.91	727.7	3724.8
759.01	727.6	3553.14
759.11	727.5	3609.23
759.21	727.4	3679.08
759.31	727.3	3834.41
759.41	727.2	3750.23
759.51	727.1	3711.86
759.61	727	3629.99
759.71	726.9	3807.88
759.81	726.8	3756.13
759.91	726.7	3801.98
760.01	726.6	3840.65
760.11	726.5	3708.48
760.21	726.4	3747.09
760.31	726.3	3728.35
760.41	726.2	3764.52
760.51	726.1	3773.95
760.61	726	3910.43
760.71	725.9	3852.46
760.81	725.8	3801.63
760.91	725.7	3783.06
761.01	725.6	3769.15
761.11	725.5	3763.8
761.21	725.4	3921.51
761.31	725.3	3839.61
761.41	725.2	3661.97
761.51	725.1	3742.2
761.61	725	3940.23
761.71	724.9	3809.96
761.81	724.8	3768.48
761.91	724.7	3866.77
762.01	724.6	3989.98
762.11	724.5	4047.53
762.21	724.4	3985.5
762.31	724.3	3942.16
762.41	724.2	4027.04
762.51	724.1	4005.77
762.61	724	3922.01
762.71	723.9	3970.27
762.81	723.8	4017.34
762.91	723.7	3958.03
763.01	723.6	3966.64
763.11	723.5	4023.16
763.21	723.4	4193.32
763.31	723.3	4163.31
763.41	723.2	4091.38
763.51	723.1	3994.33
763.61	723	4258.27
763.71	722.9	4110.05
763.81	722.8	4167.06
763.91	722.7	4174.58
764.01	722.6	4205.73
764.11	722.5	4166.61
764.21	722.4	4146.91
764.31	722.3	4238.5
764.41	722.2	4329.94
764.51	722.1	4299.04
764.61	722	4299
764.71	721.9	4342.3
764.81	721.8	4486.22
764.91	721.7	4436.84
765.01	721.6	4381.01
765.11	721.5	4355.51
765.21	721.4	4513.84
765.31	721.3	4410.24
765.41	721.2	4460.95
765.51	721.1	4433.96
765.61	721	4423.4
765.71	720.9	4594.56
765.81	720.8	4590.31
765.91	720.7	4542.74
766.01	720.6	4563.02
766.11	720.5	4510.3
766.21	720.4	4661.85
766.31	720.3	4693.24
766.41	720.2	4669.09
766.51	720.1	4645.31
766.61	720	4657.84
766.71	719.9	4633.17
766.81	719.8	4689.59
766.91	719.7	4684.58
767.01	719.6	4703.17
767.11	719.5	4794.21
767.21	719.4	4660.41
767.31	719.3	4707.3
767.41	719.2	4746.63
767.51	719.1	4668.43
767.61	719	4705.76
767.71	718.9	4736.97
767.81	718.8	4752.94
767.91	718.7	4694.68
768.01	718.6	4711.04
768.11	718.5	4764.12
768.21	718.4	4644.79
768.31	718.3	4746.08
768.41	718.2	4753.22
768.51	718.1	4685.56
768.61	718	4562.62
768.71	717.9	4622.87
768.81	717.8	4653.81
768.91	717.7	4511.83
769.01	717.6	4600.01
769.11	717.5	4491.73
769.21	717.4	4538.62
769.31	717.3	4517.33
769.41	717.2	4440.37
769.51	717.1	4541.37
769.61	717	4470.68
769.71	716.9	4393.46
769.81	716.8	4344.58
769.91	716.7	4319.04
770.01	716.6	4443.29
770.11	716.5	4240.32
770.21	716.4	4283.73
770.31	716.3	4402.73
770.41	716.2	4387.41
770.51	716.1	4298.01
770.61	716	4322.32
770.71	715.9	4346.4
770.81	715.8	4197.12
770.91	715.7	4335.84
771.01	715.6	4192.92
771.11	715.5	3974.25
771.21	715.4	4161.63
771.31	715.3	4113.22
771.41	715.2	4106.66
771.51	715.1	4235.28
771.61	715	4239.85
771.71	714.9	4036.39
771.81	714.8	3854.85
771.91	714.7	3894.64
772.01	714.6	4041.28
772.11	714.5	3914.32
772.21	714.4	3855.63
772.31	714.3	3859.1
772.41	714.2	3936.99
772.51	714.1	3758.65
772.61	714	3731.36
772.71	713.9	3736.62
772.81	713.8	3831.08
772.91	713.7	3717.31
773.01	713.6	3613.65
773.11	713.5	3629.55
773.21	713.4	3689.1
773.31	713.3	3753.88
773.41	713.2	3761.68
773.51	713.1	3723.48
773.61	713	3627.95
773.71	712.9	3588.55
773.81	712.8	3617.2
773.91	712.7	3554.03
774.01	712.6	3674.6
774.11	712.5	3670.82
774.21	712.4	3408.45
774.31	712.3	3472.49
774.41	712.2	3542.07
774.51	712.1	3525.91
774.61	712	3432.91
774.71	711.9	3415.76
774.81	711.8	3563.75
774.91	711.7	3527.24
775.01	711.6	3560.02
775.11	711.5	3430.39
775.21	711.4	3409.71
775.31	711.3	3475.54
775.41	711.2	3435.77
775.51	711.1	3422.36
775.61	711	3285.68
775.71	710.9	3330.58
775.81	710.8	3325.36
775.91	710.7	3302.23
776.01	710.6	3301.68
776.11	710.5	3527.36
776.21	710.4	3503.44
776.31	710.3	3479.46
776.41	710.2	3407.41
776.51	710.1	3393.16
776.61	710	3269.07
776.71	709.9	3371.32
776.81	709.8	3391.05
776.91	709.7	3360.59
777.01	709.6	3417.73
777.11	709.5	3345.2
777.21	709.4	3475.97
777.31	709.3	3240.67
777.41	709.2	3195.34
777.51	709.1	3364.38
777.61	709	3222.52
777.71	708.9	3288.96
777.81	708.8	3351.66
777.91	708.7	3265.69
778.01	708.6	3272.76
778.11	708.5	3229.77
778.21	708.4	3276.26
778.31	708.3	3166.44
778.41	708.2	3330.17
778.51	708.1	3394.32
778.61	708	3374.4
778.71	707.9	3367.3
778.81	707.8	3127.54
778.91	707.7	3158.9
779.01	707.6	3155.67
779.11	707.5	3315.72
779.21	707.4	3184.71
779.31	707.3	3286.45
779.41	707.2	3269.79
779.51	707.1	3226.93
779.61	707	3170.08
779.71	706.9	3261.27
779.81	706.8	3129.8
779.91	706.7	3172.22
780.01	706.6	3171.39
780.11	706.5	3203.68
780.21	706.4	3203.17
780.31	706.3	3061.3
780.41	706.2	3092.38
780.51	706.1	3209.78
780.61	706	3255.03
780.71	705.9	3143.48
780.81	705.8	3178.25
780.91	705.7	3203.83
781.01	705.6	3138.32
781.11	705.5	3205.62
781.21	705.4	3238.59
781.31	705.3	3220.73
781.41	705.2	3082.12
781.51	705.1	3046.65
781.61	705	3180.68
781.71	704.9	3109.77
781.81	704.8	3113.24
781.91	704.7	3137.25
782.01	704.6	3220.49
782.11	704.5	3224.45
782.21	704.4	3192.61
782.31	704.3	3140.73
782.41	704.2	3048.39
782.51	704.1	3081.59
782.61	704	3188.77
782.71	703.9	3142.25
782.81	703.8	3038.91
782.91	703.7	3221.06
783.01	703.6	3057.25
783.11	703.5	3090.53
783.21	703.4	3236.73
783.31	703.3	3263.11
783.41	703.2	3193.89
783.51	703.1	3196.54
783.61	703	3186.35
783.71	702.9	3141.19
783.81	702.8	3116.19
783.91	702.7	3032.64
784.01	702.6	3052.62
784.11	702.5	3191.09
784.21	702.4	3213.59
784.31	702.3	3126.4
784.41	702.2	3208.38
784.51	702.1	3191.41
784.61	702	3242.16
784.71	701.9	3268.35
784.81	701.8	3170.27
784.91	701.7	3243.45
785.01	701.6	3035.63
785.11	701.5	3079.83
785.21	701.4	3033.68
785.31	701.3	3093.17
785.41	701.2	3058.5
785.51	701.1	3153.48
785.61	701	3030.03
785.71	700.9	3080.86
785.81	700.8	3078.72
785.91	700.7	3201.68
786.01	700.6	3204.09
786.11	700.5	3152.42
786.21	700.4	3160.12
786.31	700.3	3171.74
786.41	700.2	3097.01
786.51	700.1	2971.84
786.61	700	3141.06
786.71	699.9	3203.53
786.81	699.8	3116.27
786.91	699.7	2953.8
787.01	699.6	3161.58
787.11	699.5	3177.7
787.21	699.4	3052.98
787.31	699.3	3085.23
787.41	699.2	3098.33
787.51	699.1	3081.51
787.61	699	3069.58
787.71	698.9	3060.71
787.81	698.8	3090.4
787.91	698.7	2996.03
788.01	698.6	3080.23
788.11	698.5	3099.09
788.21	698.4	3039.73
788.31	698.3	3004.67
788.41	698.2	3141.07
788.51	698.1	3178.5
788.61	698	3182.42
788.71	697.9	3246.79
788.81	697.8	2978.77
788.91	697.7	3066.05
789.01	697.6	3160.05
789.11	697.5	3128.05
789.21	697.4	2889.85
789.31	697.3	3084
789.41	697.2	3162.89
789.51	697.1	3045.51
789.61	697	3046.21
789.71	696.9	3199.53
789.81	696.8	3058.62
789.91	696.7	3035.12
790.01	696.6	3039.44
790.11	696.5	3027.28
790.21	696.4	2966.57
790.31	696.3	3143.11
790.41	696.2	3165.96
790.51	696.1	3230.67
790.61	696	3110.45
790.71	695.9	3094.62
790.81	695.8	2998.13
790.91	695.7	3004.89
791.01	695.6	3198.66
791.11	695.5	3134.24
791.21	695.4	3123.69
791.31	695.3	3215.71
791.41	695.2	3247.36
791.51	695.1	3230.39
791.61	695	3104.67
791.71	694.9	3028.72
791.81	694.8	2963.14
791.91	694.7	3068.26
792.01	694.6	3090.48
792.11	694.5	3200.5
792.21	694.4	3109.3
792.31	694.3	3096.55
792.41	694.2	3126.22
792.51	694.1	3092.62
792.61	694	3148.71
792.71	693.9	3062.85
792.81	693.8	3001.85
792.91	693.7	3047.56
793.01	693.6	3077.78
793.11	693.5	3044.18
793.21	693.4	3214.16
793.31	693.3	3163.19
793.41	693.2	3085.09
793.51	693.1	3018.05
793.61	693	3130.21
793.71	692.9	3286.97
793.81	692.8	3168.95
793.91	692.7	3093.51
794.01	692.6	3019.29
794.11	692.5	3040.41
794.21	692.4	3097.97
794.31	692.3	3091.84
794.41	692.2	3059.33
794.51	692.1	3182.31
794.61	692	3140.94
794.71	691.9	3112.98
794.81	691.8	3052.38
794.91	691.7	3093.83
795.01	691.6	3144.92
795.11	691.5	3166.86
795.21	691.4	3116.04
795.31	691.3	3094.56
795.41	691.2	3197.51
795.51	691.1	3105.8
795.61	691	3108.54
795.71	690.9	3014.41
795.81	690.8	3020.86
795.91	690.7	3022.28
796.01	690.6	3272.48
796.11	690.5	3194.27
796.21	690.4	3184.53
796.31	690.3	3229.84
796.41	690.2	3199.03
796.51	690.1	3033.88
796.61	690	3092.03
796.71	689.9	3226.98
796.81	689.8	3150.85
796.91	689.7	3077.82
797.01	689.6	3169.62
797.11	689.5	3054.95
797.21	689.4	3266.67
797.31	689.3	3115.06
797.41	689.2	3169.8
797.51	689.1	3264.28
797.61	689	3196.08
797.71	688.9	3224.71
797.81	688.8	3173.03
797.91	688.7	3116.07
798.01	688.6	3178.95
798.11	688.5	3185.43
798.21	688.4	3170.78
798.31	688.3	3075.36
798.41	688.2	3236.6
798.51	688.1	3089.46
798.61	688	3215.99
798.71	687.9	3188.98
798.81	687.8	3295.62
798.91	687.7	3241.76
799.01	687.6	3134.92
799.11	687.5	3077.58
799.21	687.4	3154.58
799.31	687.3	3177.14
799.41	687.2	3037.23
799.51	687.1	3144.64
799.61	687	3150.75
799.71	686.9	3217.06
799.81	686.8	3078.63
799.91	686.7	3154.54
800.01	686.6	3191.15
800.11	686.5	3272.97
800.21	686.4	3156.44
800.31	686.3	3161.03
800.41	686.2	3370.55
800.51	686.1	3165.81
800.61	686	3217.96
800.71	685.9	3105.45
800.81	685.8	3137.69
800.91	685.7	3186.52
801.01	685.6	3142.04
801.11	685.5	3164.23
801.21	685.4	3228.84
801.31	685.3	3153.1
801.41	685.2	3327.03
801.51	685.1	3201.42
801.61	685	3367.53
801.71	684.9	3255.09
801.81	684.8	3287.71
801.91	684.7	3275.56
802.01	684.6	3233.55
802.11	684.5	3198.15
802.21	684.4	3299.87
802.31	684.3	3236.91
802.41	684.2	3347.19
802.51	684.1	3190.52
802.61	684	3261.05
802.71	683.9	3173.17
802.81	683.8	3126.08
802.91	683.7	3177.26
803.01	683.6	3123.63
803.11	683.5	3214.86
803.21	683.4	3103.53
803.31	683.3	3105.75
803.41	683.2	3155
803.51	683.1	3185.93
803.61	683	3319.79
803.71	682.9	3098.43
803.81	682.8	3301.93
803.91	682.7	3380.91
804.01	682.6	3205.04
804.11	682.5	3313.5
804.21	682.4	3287.05
804.31	682.3	3200.1
804.41	682.2	3243.37
804.51	682.1	3305
804.61	682	3201.06
804.71	681.9	3159.34
804.81	681.8	3139.62
804.91	681.7	3190.67
805.01	681.6	3253.39
805.11	681.5	3323.39
805.21	681.4	3249.34
805.31	681.3	3099.91
805.41	681.2	3097.56
805.51	681.1	3118.01
805.61	681	3249.13
805.71	680.9	3321.78
805.81	680.8	3314.48
805.91	680.7	3163.01
806.01	680.6	3204.57
806.11	680.5	3150.4
806.21	680.4	3204.48
806.31	680.3	3074.52
806.41	680.2	3126.75
806.51	680.1	3313.56
806.61	680	3287.43
806.71	679.9	3278.21
806.81	679.8	3120.94
806.91	679.7	3192.39
807.01	679.6	3206.75
807.11	679.5	3237.67
807.21	679.4	3191.71
807.31	679.3	3272.75
807.41	679.2	3211.07
807.51	679.1	3358.12
807.61	679	3397.96
807.71	678.9	3206.54
807.81	678.8	3146.98
807.91	678.7	3313.4
808.01	678.6	3266.03
808.11	678.5	3145
808.21	678.4	3088.77
808.31	678.3	3192.92
808.41	678.2	3142.81
808.51	678.1	3313.71
808.61	678	3298.4
808.71	677.9	3302.25
808.81	677.8	3300.7
808.91	677.7	3228.49
809.01	677.6	3148.76
809.11	677.5	3179.51
809.21	677.4	3132.35
809.31	677.3	3297.2
809.41	677.2	3255.3
809.51	677.1	3276
809.61	677	3258.05
809.71	676.9	3233.73
809.81	676.8	3314.65
809.91	676.7	3212.8
810.01	676.6	3372.82
810.11	676.5	3301.23
810.21	676.4	3223.1
810.31	676.3	3212.11
810.41	676.2	3187.02
810.51	676.1	3270.72
810.61	676	3361.78
810.71	675.9	3345.18
810.81	675.8	3468.89
810.91	675.7	3305.93
811.01	675.6	3346.78
811.11	675.5	3245.09
811.21	675.4	3356.1
811.31	675.3	3225.15
811.41	675.2	3255.54
811.51	675.1	3397.02
811.61	675	3223.25
811.71	674.9	3163.13
811.81	674.8	3160.61
811.91	674.7	3248.63
812.01	674.6	3200.46
812.11	674.5	3277.46
812.21	674.4	3253.4
812.31	674.3	3273.25
812.41	674.2	3239.44
812.51	674.1	3340.95
812.61	674	3243.27
812.71	673.9	3403.21
812.81	673.8	3267.17
812.91	673.7	3273.13
813.01	673.6	3309.11
813.11	673.5	3223.52
813.21	673.4	3343.3
813.31	673.3	3267.96
813.41	673.2	3150.54
813.51	673.1	3323.25
813.61	673	3288.26
813.71	672.9	3301.17
813.81	672.8	3270.59
813.91	672.7	3290.63
814.01	672.6	3272.41
814.11	672.5	3248.64
814.21	672.4	3178.16
814.31	672.3	3045.9
814.41	672.2	3158.43
814.51	672.1	3286.7
814.61	672	3223.75
814.71	671.9	3356.41
814.81	671.8	3398.52
814.91	671.7	3380.28
815.01	671.6	3299.06
815.11	671.5	3201.9
815.21	671.4	3324.44
815.31	671.3	3211.17
815.41	671.2	3182.68
815.51	671.1	3194.25
815.61	671	3253.82
815.71	670.9	3330.13
815.81	670.8	3342.53
815.91	670.7	3240.23
816.01	670.6	3215.19
816.11	670.5	3257.74
816.21	670.4	3097.85
816.31	670.3	3284.44
816.41	670.2	3293.37
816.51	670.1	3295.98
816.61	670	3159.99
816.71	669.9	3087.97
816.81	669.8	3048.61
816.91	669.7	3260.05
817.01	669.6	3305.9
817.11	669.5	3265.17
817.21	669.4	3262.29
817.31	669.3	3425.12
817.41	669.2	3334.74
817.51	669.1	3326.82
817.61	669	3271.03
817.71	668.9	3196.35
817.81	668.8	3477.8
817.91	668.7	3442.19
818.01	668.6	3342.96
818.11	668.5	3381.71
818.21	668.4	3256.47
818.31	668.3	3376.93
818.41	668.2	3262.14
818.51	668.1	3289.89
818.61	668	3332.78
818.71	667.9	3313.51
818.81	667.8	3365.64
818.91	667.7	3250.77
819.01	667.6	3246.15
819.11	667.5	3311.14
819.21	667.4	3336.2
819.31	667.3	3387.38
819.41	667.2	3259.37
819.51	667.1	3256.98
819.61	667	3309.31
819.71	666.9	3297.6
819.81	666.8	3345.07
819.91	666.7	3306.27
820.01	666.6	3283.18
820.11	666.5	3357.03
820.21	666.4	3350.85
820.31	666.3	3349.58
820.41	666.2	3390.11
820.51	666.1	3358.44
820.61	666	3383.13
820.71	665.9	3396.07
820.81	665.8	3314.85
820.91	665.7	3334.24
821.01	665.6	3239.92
821.11	665.5	3233.09
821.21	665.4	3425.29
821.31	665.3	3329.02
821.41	665.2	3226.26
821.51	665.1	3428.02
821.61	665	3303.89
821.71	664.9	3286.88
821.81	664.8	3251.28
821.91	664.7	3348.78
822.01	664.6	3309.02
822.11	664.5	3332.57
822.21	664.4	3233.09
822.31	664.3	3294.44
822.41	664.2	3353.83
822.51	664.1	3415.05
822.61	664	3174.32
822.71	663.9	3152.65
822.81	663.8	3350.6
822.91	663.7	3331.71
823.01	663.6	3278.97
823.11	663.5	3307.14
823.21	663.4	3389.73
823.31	663.3	3289.72
823.41	663.2	3406.3
823.51	663.1	3365.77
823.61	663	3393.75
823.71	662.9	3328.31
823.81	662.8	3424.92
823.91	662.7	3470.96
824.01	662.6	3418.85
824.11	662.5	3413.18
824.21	662.4	3287.35
824.31	662.3	3295.29
824.41	662.2	3182.31
824.51	662.1	3367.34
824.61	662	3367.67
824.71	661.9	3249.27
824.81	661.8	3301.09
824.91	661.7	3224.2
825.01	661.6	3430.81
825.11	661.5	3393.62
825.21	661.4	3396.42
825.31	661.3	3484.13
825.41	661.2	3462.71
825.51	661.1	3479.33
825.61	661	3554.64
825.71	660.9	3405.4
825.81	660.8	3439.28
825.91	660.7	3351.96
826.01	660.6	3379
826.11	660.5	3462.1
826.21	660.4	3328.77
826.31	660.3	3503.15
826.41	660.2	3562.86
826.51	660.1	3402.1
826.61	660	3383.58
826.71	659.9	3324.3
826.81	659.8	3324.65
826.91	659.7	3446.17
827.01	659.6	3445.78
827.11	659.5	3454.63
827.21	659.4	3407.61
827.31	659.3	3431.34
827.41	659.2	3347
827.51	659.1	3306.16
827.61	659	3496.58
827.71	658.9	3494.51
827.81	658.8	3307.94
827.91	658.7	3341.01
828.01	658.6	3429.63
828.11	658.5	3399.36
828.21	658.4	3511.92
828.31	658.3	3389.03
828.41	658.2	3394.18
828.51	658.1	3574.41
828.61	658	3348.56
828.71	657.9	3298.33
828.81	657.8	3476.48
828.91	657.7	3332.84
829.01	657.6	3359.39
829.11	657.5	3506.03
829.21	657.4	3335.35
829.31	657.3	3345.54
829.41	657.2	3599.45
829.51	657.1	3624.56
829.61	657	3607.03
829.71	656.9	3374.19
829.81	656.8	3287.17
829.91	656.7	3228.74
830.01	656.6	3438.71
830.11	656.5	3377.96
830.21	656.4	3484.11
830.31	656.3	3494.09
830.41	656.2	3263.65
830.51	656.1	3244.16
830.61	656	3250.24
830.71	655.9	3414.49
830.81	655.8	3604.86
830.91	655.7	3543.21
831.01	655.6	3441.67
831.11	655.5	3458.84
831.21	655.4	3420.76
831.31	655.3	3498.12
831.41	655.2	3426.99
831.51	655.1	3368.58
831.61	655	3400.11
831.71	654.9	3533.42
831.81	654.8	3502.36
831.91	654.7	3327.09
832.01	654.6	3367.87
832.11	654.5	3466.57
832.21	654.4	3293.95
832.31	654.3	3277.24
832.41	654.2	3336.32
832.51	654.1	3415.76
832.61	654	3615.3
832.71	653.9	3509.24
832.81	653.8	3428.6
832.91	653.7	3413.63
833.01	653.6	3576.72
833.11	653.5	3557.91
833.21	653.4	3584.93
833.31	653.3	3503.66
833.41	653.2	3289.27
833.51	653.1	3385.87
833.61	653	3274.64
833.71	652.9	3429.9
833.81	652.8	3543.04
833.91	652.7	3267.2
834.01	652.6	3388.96
834.11	652.5	3481.29
834.21	652.4	3358.49
834.31	652.3	3430.41
834.41	652.2	3416.27
834.51	652.1	3400.42
834.61	652	3539.25
834.71	651.9	3522.69
834.81	651.8	3514.24
834.91	651.7	3348.83
835.01	651.6	3369.26
835.11	651.5	3426.62
835.21	651.4	3451.3
835.31	651.3	3343.22
835.41	651.2	3323.52
835.51	651.1	3399.04
835.61	651	3345.41
835.71	650.9	3381.82
835.81	650.8	3479.17
835.91	650.7	3285.36
836.01	650.6	3419.36
836.11	650.5	3403.91
836.21	650.4	3381.14
836.31	650.3	3417.35
836.41	650.2	3534.75
836.51	650.1	3483.63
836.61	650	3286.16
836.71	649.9	3430.8
836.81	649.8	3412.74
836.91	649.7	3359.17
837.01	649.6	3352.37
837.11	649.5	3363.73
837.21	649.4	3483.22
837.31	649.3	3374.75
837.41	649.2	3405.05
837.51	649.1	3445.78
837.61	649	3386.05
837.71	648.9	3327.07
837.81	648.8	3516.44
837.91	648.7	3476.42
838.01	648.6	3448.73
838.11	648.5	3452.9
838.21	648.4	3291.15
838.31	648.3	3287.93
838.41	648.2	3384.14
838.51	648.1	3458.93
838.61	648	3467.79
838.71	647.9	3400.81
838.81	647.8	3401.9
838.91	647.7	3543.85
839.01	647.6	3284.73
839.11	647.5	3452.23
839.21	647.4	3515.67
839.31	647.3	3415.41
839.41	647.2	3429.69
839.51	647.1	3359.54
839.61	647	3410.53
839.71	646.9	3471.99
839.81	646.8	3510.26
839.91	646.7	3527.79
840.01	646.6	3461.89
840.11	646.5	3498.88
840.21	646.4	3464.46
840.31	646.3	3515.21
840.41	646.2	3384.13
840.51	646.1	3320.7
840.61	646	3505.36
840.71	645.9	3401.39
840.81	645.8	3439.55
840.91	645.7	3452.47
841.01	645.6	3462.18
841.11	645.5	3469.52
841.21	645.4	3517.14
841.31	645.3	3454.47
841.41	645.2	3428.24
841.51	645.1	3501.66
841.61	645	3297.89
841.71	644.9	3304.91
841.81	644.8	3511.22
841.91	644.7	3637.29
842.01	644.6	3600.74
842.11	644.5	3452.73
842.21	644.4	3375.15
842.31	644.3	3429.34
842.41	644.2	3369.83
842.51	644.1	3272.94
842.61	644	3442.53
842.71	643.9	3352.99
842.81	643.8	3449.42
842.91	643.7	3530.76
843.01	643.6	3457.79
843.11	643.5	3412.5
843.21	643.4	3409.96
843.31	643.3	3472.84
843.41	643.2	3519.52
843.51	643.1	3589.07
843.61	643	3496.62
843.71	642.9	3523.22
843.81	642.8	3563.51
843.91	642.7	3584.04
844.01	642.6	3588
844.11	642.5	3620.21
844.21	642.4	3522.68
844.31	642.3	3486.35
844.41	642.2	3585.45
844.51	642.1	3582.49
844.61	642	3408.16
844.71	641.9	3426.45
844.81	641.8	3490.42
844.91	641.7	3518.77
845.01	641.6	3385.69
845.11	641.5	3450.29
845.21	641.4	3460.87
845.31	641.3	3495.66
845.41	641.2	3557.2
845.51	641.1	3724.5
845.61	641	3466.76
845.71	640.9	3361
845.81	640.8	3564.48
845.91	640.7	3373.41
846.01	640.6	3504.5
846.11	640.5	3596.7
846.21	640.4	3648.43
846.31	640.3	3483.73
846.41	640.2	3300.25
846.51	640.1	3465.09
846.61	640	3632.81
846.71	639.9	3644.37
846.81	639.8	3656.82
846.91	639.7	3593.39
847.01	639.6	3588.71
847.11	639.5	3477.82
847.21	639.4	3637.23
847.31	639.3	3445.91
847.41	639.2	3547.2
847.51	639.1	3620.21
847.61	639	3500.07
847.71	638.9	3461.18
847.81	638.8	3572.38
847.91	638.7	3648.27
848.01	638.6	3568.31
848.11	638.5	3517.83
848.21	638.4	3480.43
848.31	638.3	3615.44
848.41	638.2	3569.74
848.51	638.1	3508.22
848.61	638	3593.48
848.71	637.9	3508.23
848.81	637.8	3599.03
848.91	637.7	3588.5
849.01	637.6	3574.48
849.11	637.5	3443.96
849.21	637.4	3647.57
849.31	637.3	3628.18
849.41	637.2	3548.07
849.51	637.1	3490.43
849.61	637	3664.1
849.71	636.9	3495.45
849.81	636.8	3543.07
849.91	636.7	3517.24
850.01	636.6	3670.3
850.11	636.5	3535.89
850.21	636.4	3673.48
850.31	636.3	3563.49
850.41	636.2	3607.09
850.51	636.1	3608.78
850.61	636	3585.89
850.71	635.9	3478.89
850.81	635.8	3623.23
850.91	635.7	3604.57
851.01	635.6	3546.63
851.11	635.5	3615.73
851.21	635.4	3643.67
851.31	635.3	3530.68
851.41	635.2	3558.41
851.51	635.1	3688.56
851.61	635	3727.96
851.71	634.9	3622.7
851.81	634.8	3534.66
851.91	634.7	3567.34
852.01	634.6	3466.95
852.11	634.5	3611.86
852.21	634.4	3613.17
852.31	634.3	3827.09
852.41	634.2	3715.5
852.51	634.1	3627.92
852.61	634	3691.38
852.71	633.9	3532.56
852.81	633.8	3660.88
852.91	633.7	3678.7
853.01	633.6	3620.08
853.11	633.5	3716.78
853.21	633.4	3692.11
853.31	633.3	3652.65
853.41	633.2	3667.31
853.51	633.1	3597.64
853.61	633	3582.99
853.71	632.9	3553.26
853.81	632.8	3700.85
853.91	632.7	3606.64
854.01	632.6	3516.4
854.11	632.5	3540.08
854.21	632.4	3738.56
854.31	632.3	3644.16
854.41	632.2	3644.47
854.51	632.1	3688.55
854.61	632	3668.4
854.71	631.9	3771.07
854.81	631.8	3662.79
854.91	631.7	3755.74
855.01	631.6	3632.51
855.11	631.5	3636.84
855.21	631.4	3714.32
855.31	631.3	3640.45
855.41	631.2	3671.83
855.51	631.1	3824.26
855.61	631	3650.47
855.71	630.9	3805.86
855.81	630.8	3641.3
855.91	630.7	3623.96
856.01	630.6	3706.51
856.11	630.5	3737.42
856.21	630.4	3676.23
856.31	630.3	3717.86
856.41	630.2	3828.43
856.51	630.1	3723.79
856.61	630	3654.44
856.71	629.9	3790.4
856.81	629.8	3684.02
856.91	629.7	3811.57
857.01	629.6	3840.9
857.11	629.5	3783.68
857.21	629.4	3810.8
857.31	629.3	3888.09
857.41	629.2	3813.35
857.51	629.1	3855.72
857.61	629	4001.81
857.71	628.9	3828.15
857.81	628.8	3665.36
857.91	628.7	3777.71
858.01	628.6	3803.21
858.11	628.5	3732.1
858.21	628.4	3834.27
858.31	628.3	3930.1
858.41	628.2	3822.46
858.51	628.1	3785.71
858.61	628	3770.42
858.71	627.9	3736.14
858.81	627.8	3812.11
858.91	627.7	3758.82
859.01	627.6	3801.13
859.11	627.5	3748.46
859.21	627.4	3698.76
859.31	627.3	3704.05
859.41	627.2	3780.74
859.51	627.1	3768.86
859.61	627	4019.28
859.71	626.9	3744.99
859.81	626.8	3715.7
859.91	626.7	3756.72
860.01	626.6	3742.96
860.11	626.5	3699.43
860.21	626.4	3819.06
860.31	626.3	3830.49
860.41	626.2	3779.07
860.51	626.1	3566.45
860.61	626	3789.19
860.71	625.9	3702.42
860.81	625.8	3840.4
860.91	625.7	3868.37
861.01	625.6	3932.75
861.11	625.5	3894.99
861.21	625.4	3828.31
861.31	625.3	3815.91
861.41	625.2	3711.05
861.51	625.1	3770.79
861.61	625	3769.62
861.71	624.9	3857.37
861.81	624.8	3688.38
861.91	624.7	3845.6
862.01	624.6	3691.83
862.11	624.5	3750.82
862.21	624.4	3851.03
862.31	624.3	3892.43
862.41	624.2	3899.1
862.51	624.1	3787.09
862.61	624	3886.76
862.71	623.9	3825.41
862.81	623.8	3779.57
862.91	623.7	3792.38
863.01	623.6	3861.42
863.11	623.5	3762.71
863.21	623.4	3984.33
863.31	623.3	3843.83
863.41	623.2	3915.54
863.51	623.1	3754.27
863.61	623	3738.37
863.71	622.9	3797.08
863.81	622.8	3855.97
863.91	622.7	3943.25
864.01	622.6	3887.63
864.11	622.5	3892.87
864.21	622.4	3935.25
864.31	622.3	3936.11
864.41	622.2	3908.26
864.51	622.1	3842.28
864.61	622	3816.02
864.71	621.9	3651.8
864.81	621.8	3862.16
864.91	621.7	3664.15
865.01	621.6	3787.97
865.11	621.5	3942.43
865.21	621.4	3866.98
865.31	621.3	3857.83
865.41	621.2	3833.83
865.51	621.1	3873.3
865.61	621	3851.07
865.71	620.9	3659.38
865.81	620.8	3775.79
865.91	620.7	3793.11
866.01	620.6	3926.78
866.11	620.5	3803.17
866.21	620.4	3761.09
866.31	620.3	3782.62
866.41	620.2	3848.63
866.51	620.1	3896.72
866.61	620	3906.13
866.71	619.9	3785.36
866.81	619.8	3853.54
866.91	619.7	3875.16
867.01	619.6	3940.83
867.11	619.5	3798.09
867.21	619.4	3801.37
867.31	619.3	3820.58
867.41	619.2	3754.26
867.51	619.1	3833.38
867.61	619	3735.9
867.71	618.9	3707.39
867.81	618.8	3683.76
867.91	618.7	3634.13
868.01	618.6	3731.97
868.11	618.5	3688.84
868.21	618.4	3831.13
868.31	618.3	3816.05
868.41	618.2	3760.87
868.51	618.1	3880.98
868.61	618	3858.17
868.71	617.9	3811.54
868.81	617.8	3910.57
868.91	617.7	3836.72
869.01	617.6	3852.04
869.11	617.5	4004.86
869.21	617.4	3735.41
869.31	617.3	3860.57
869.41	617.2	3939.22
869.51	617.1	3797.68
869.61	617	3858.53
869.71	616.9	3888.52
869.81	616.8	3915.25
869.91	616.7	3877.23
870.01	616.6	3859.74
870.11	616.5	3931.66
870.21	616.4	3778.25
870.31	616.3	3737.36
870.41	616.2	3929.44
870.51	616.1	3889.58
870.61	616	3805.85
870.71	615.9	3867.06
870.81	615.8	3935.46
870.91	615.7	4038.44
871.01	615.6	3795.34
871.11	615.5	3939.9
871.21	615.4	3981.28
871.31	615.3	3999.16
871.41	615.2	3920.28
871.51	615.1	3823.12
871.61	615	3781.07
871.71	614.9	3881.88
871.81	614.8	3866.69
871.91	614.7	3894.31
872.01	614.6	4013.61
872.11	614.5	3919.61
872.21	614.4	4018.75
872.31	614.3	4046.26
872.41	614.2	3973.55
872.51	614.1	3877.65
872.61	614	3930.6
872.71	613.9	3987.36
872.81	613.8	3994.42
872.91	613.7	3941.75
873.01	613.6	3888.94
873.11	613.5	3982.57
873.21	613.4	3869.78
873.31	613.3	4021.54
873.41	613.2	3923.62
873.51	613.1	3924.28
873.61	613	4020.57
873.71	612.9	4015.35
873.81	612.8	4166.74
873.91	612.7	4143.88
874.01	612.6	4199.4
874.11	612.5	4059.68
874.21	612.4	4186.84
874.31	612.3	4058.44
874.41	612.2	4010.2
874.51	612.1	4217.77
874.61	612	4158.82
874.71	611.9	4185.12
874.81	611.8	4124.94
874.91	611.7	4021.91
875.01	611.6	4106.43
875.11	611.5	4163.52
875.21	611.4	4150.29
875.31	611.3	4216.68
875.41	611.2	4314.26
875.51	611.1	4232.63
875.61	611	4200.81
875.71	610.9	4154.58
875.81	610.8	4275.67
875.91	610.7	4344.95
876.01	610.6	4382.13
876.11	610.5	4264.21
876.21	610.4	4273.49
876.31	610.3	4425.17
876.41	610.2	4307.05
876.51	610.1	4264.63
876.61	610	4306.21
876.71	609.9	4391.5
876.81	609.8	4414.08
876.91	609.7	4461.76
877.01	609.6	4460.74
877.11	609.5	4334.43
877.21	609.4	4360.71
877.31	609.3	4586.79
877.41	609.2	4612.98
877.51	609.1	4598.56
877.61	609	4559.84
877.71	608.9	4585.23
877.81	608.8	4450.51
877.91	608.7	4589.4
878.01	608.6	4734.59
878.11	608.5	4720.37
878.21	608.4	4602.56
878.31	608.3	4829.24
878.41	608.2	4779.13
878.51	608.1	4909.52
878.61	608	4941.4
878.71	607.9	5012.09
878.81	607.8	4949.48
878.91	607.7	5086.67
879.01	607.6	5270.36
879.11	607.5	4999.75
879.21	607.4	5267.73
879.31	607.3	5260.42
879.41	607.2	5366.51
879.51	607.1	5409.4
879.61	607	5558.49
879.71	606.9	5573.08
879.81	606.8	5573.37
879.91	606.7	5704.56
880.01	606.6	5798.56
880.11	606.5	5813.55
880.21	606.4	6104.84
880.31	606.3	6250.53
880.41	606.2	6460.42
880.51	606.1	6410.81
880.61	606	6622.91
880.71	605.9	6777.9
880.81	605.8	7018.69
880.91	605.7	7459.19
881.01	605.6	7538.58
881.11	605.5	8000.97
881.21	605.4	8184.67
881.31	605.3	8641.56
881.41	605.2	8963.46
881.51	605.1	9470.25
881.61	605	9615.65
881.71	604.9	10023
881.81	604.8	10433.7
881.91	604.7	10996.7
882.01	604.6	11400.4
882.11	604.5	11634.6
882.21	604.4	12048.6
882.31	604.3	12064.2
882.41	604.2	12385.4
882.51	604.1	12588.4
882.61	604	12897.4
882.71	603.9	12667.4
882.81	603.8	12595.4
882.91	603.7	12397.1
883.01	603.6	12095.4
883.11	603.5	11762.1
883.21	603.4	11186.2
883.31	603.3	10850.3
883.41	603.2	10485
883.51	603.1	10059.3
883.61	603	9588.4
883.71	602.9	9152.1
883.81	602.8	8844
883.91	602.7	8244.8
884.01	602.6	8092.2
884.11	602.5	7613.8
884.21	602.4	7192.6
884.31	602.3	6972.8
884.41	602.2	6783.81
884.51	602.1	6394.01
884.61	602	6158.61
884.71	601.9	6013.11
884.81	601.8	5741.01
884.91	601.7	5715.62
885.01	601.6	5339.22
885.11	601.5	5272.02
885.21	601.4	5156.33
885.31	601.3	5210.73
885.41	601.2	4758.13
885.51	601.1	4667.04
885.61	601	4612.34
885.71	600.9	4617.24
885.81	600.8	4485.55
885.91	600.7	4365.75
886.01	600.6	4299.66
886.11	600.5	4314.96
886.21	600.4	4244.77
886.31	600.3	4363.77
886.41	600.2	4209.98
886.51	600.1	3955.96
886.61	600	4071.79
886.71	599.9	4082.3
886.81	599.8	3863.73
886.91	599.7	3975.76
887.01	599.6	3923.91
887.11	599.5	3912.51
887.21	599.4	3789.05
887.31	599.3	3733.14
887.41	599.2	3679.37
887.51	599.1	3819.67
887.61	599	3659.12
887.71	598.9	3502.4
887.81	598.8	3455.68
887.91	598.7	3536.07
888.01	598.6	3567.62
888.11	598.5	3464.04
888.21	598.4	3370.81
888.31	598.3	3427.5
888.41	598.2	3453.36
888.51	598.1	3466.66
888.61	598	3467.84
888.71	597.9	3418.81
888.81	597.8	3483.62
888.91	597.7	3441.84
889.01	597.6	3423.3
889.11	597.5	3321.32
889.21	597.4	3445.76
889.31	597.3	3350.25
889.41	597.2	3433.24
889.51	597.1	3322.57
889.61	597	3275.4
889.71	596.9	3360.25
889.81	596.8	3422.57
889.91	596.7	3304.49
890.01	596.6	3181.08
890.11	596.5	3272.44
890.21	596.4	3240.65
890.31	596.3	3243.19
890.41	596.2	3330.07
890.51	596.1	3227.45
890.61	596	3268.57
890.71	595.9	3430.01
890.81	595.8	3301.54
890.91	595.7	3119.36
891.01	595.6	3081.58
891.11	595.5	3225.81
891.21	595.4	3053.5
891.31	595.3	3239.51
891.41	595.2	3175
891.51	595.1	3299.32
891.61	595	3096.69
891.71	594.9	3154.29
891.81	594.8	3299.53
891.91	594.7	3178.74
892.01	594.6	3082.59
892.11	594.5	3121.38
892.21	594.4	3130.43
892.31	594.3	3058.26
892.41	594.2	3084.78
892.51	594.1	3071.28
892.61	594	3251.94
892.71	593.9	3249.69
892.81	593.8	3320.14
892.91	593.7	3117.81
893.01	593.6	3012.59
893.11	593.5	3046.29
893.21	593.4	3105.91
893.31	593.3	3174.47
893.41	593.2	3144.43
893.51	593.1	3153.58
893.61	593	3136.36
893.71	592.9	3115.39
893.81	592.8	3022.43
893.91	592.7	3137.86
894.01	592.6	3124.13
894.11	592.5	3072.86
894.21	592.4	3063.63
894.31	592.3	3186.57
894.41	592.2	3198.28
894.51	592.1	3187.55
894.61	592	3104.81
894.71	591.9	3127.66
894.81	591.8	3280.04
894.91	591.7	3061.03
895.01	591.6	3144.37
895.11	591.5	3018.92
895.21	591.4	3196.05
895.31	591.3	3289.19
895.41	591.2	3212.44
895.51	591.1	3155.75
895.61	591	3160.19
895.71	590.9	3082.91
895.81	590.8	3175.87
895.91	590.7	3144.37
896.01	590.6	3139.07
896.11	590.5	3160.31
896.21	590.4	3123.78
896.31	590.3	3081.83
896.41	590.2	3107.43
896.51	590.1	3084.98
896.61	590	3127.98
896.71	589.9	3124.09
896.81	589.8	3232.48
896.91	589.7	3175.83
897.01	589.6	3085.51
897.11	589.5	3185.18
897.21	589.4	3072.36
897.31	589.3	3117.17
897.41	589.2	3167.7
897.51	589.1	3178.82
897.61	589	3188.95
897.71	588.9	3128.08
897.81	588.8	2975.06
897.91	588.7	3066.37
898.01	588.6	3086.17
898.11	588.5	3048.24
898.21	588.4	3090.12
898.31	588.3	3043.9
898.41	588.2	3095.34
898.51	588.1	3057.58
898.61	588	3166.85
898.71	587.9	3137.05
898.81	587.8	3052.39
898.91	587.7	3144.08
899.01	587.6	3095.04
899.11	587.5	2959.56
899.21	587.4	2980.6
899.31	587.3	3094.29
899.41	587.2	3136.06
899.51	587.1	3091.17
899.61	587	3002.09
899.71	586.9	3078.48
899.81	586.8	3106.87
899.91	586.7	2997.19
900.01	586.6	2941.13
900.11	586.5	2971.38
900.21	586.4	3086.92
900.31	586.3	3074.56
900.41	586.2	3033.92
900.51	586.1	3191.13
900.61	586	3045.75
900.71	585.9	3064.51
900.81	585.8	3054.09
900.91	585.7	3081.6
901.01	585.6	3096.21
901.11	585.5	3110.09
901.21	585.4	3140.8
901.31	585.3	3156.45
901.41	585.2	3029.75
901.51	585.1	2932.75
901.61	585	3006.22
901.71	584.9	3090.74
901.81	584.8	2991.34
901.91	584.7	3117.11
902.01	584.6	3080.43
902.11	584.5	3087.05
902.21	584.4	3233.56
902.31	584.3	2990.5
902.41	584.2	3012.82
902.51	584.1	3025.65
902.61	584	3042.28
902.71	583.9	3133.25
902.81	583.8	3174.73
902.91	583.7	3029.56
903.01	583.6	3114.5
903.11	583.5	3151.46
903.21	583.4	3153.38
903.31	583.3	3050.32
903.41	583.2	3208.05
903.51	583.1	3283.23
903.61	583	3204.95
903.71	582.9	3340.46
903.81	582.8	3250.93
903.91	582.7	3234.73
904.01	582.6	3255.53
904.11	582.5	3247.22
904.21	582.4	3183.67
904.31	582.3	3244.82
904.41	582.2	3354.97
904.51	582.1	3313.52
904.61	582	3288.37
904.71	581.9	3409.61
904.81	581.8	3459.68
904.91	581.7	3422.35
905.01	581.6	3510.83
905.11	581.5	3354.95
905.21	581.4	3454.82
905.31	581.3	3505.73
905.41	581.2	3539.48
905.51	581.1	3405
905.61	581	3319.77
905.71	580.9	3444.85
905.81	580.8	3410.06
905.91	580.7	3377.44
906.01	580.6	3502.88
906.11	580.5	3473.09
906.21	580.4	3640.63
906.31	580.3	3780.82
906.41	580.2	3658.39
906.51	580.1	3548.79
906.61	580	3480.29
906.71	579.9	3596.19
906.81	579.8	3655.75
906.91	579.7	3738.22
907.01	579.6	3683.81
907.11	579.5	3840.69
907.21	579.4	3828.95
907.31	579.3	3855.64
907.41	579.2	3756.82
907.51	579.1	3888.68
907.61	579	3817.78
907.71	578.9	3862.6
907.81	578.8	3852.12
907.91	578.7	3994.11
908.01	578.6	3988.83
908.11	578.5	4080.95
908.21	578.4	4025.96
908.31	578.3	4027.28
908.41	578.2	4160.3
908.51	578.1	4344.52
908.61	578	4304.44
908.71	577.9	4317.26
908.81	577.8	4394.58
908.91	577.7	4456
909.01	577.6	4578.51
909.11	577.5	4642.03
909.21	577.4	4715.55
909.31	577.3	4941.57
909.41	577.2	4894.09
909.51	577.1	4866.21
909.61	577	5123.82
909.71	576.9	5156.14
909.81	576.8	5247.26
909.91	576.7	5316.38
910.01	576.6	5415.4
910.11	576.5	5508.31
910.21	576.4	5679.13
910.31	576.3	5840.95
910.41	576.2	6065.37
910.51	576.1	6132.98
910.61	576	6076.7
910.71	575.9	6508.12
910.81	575.8	6885.53
910.91	575.7	7033.75
911.01	575.6	7041.77
911.11	575.5	7330.98
911.21	575.4	7695.7
911.31	575.3	7968.92
911.41	575.2	8450.83
911.51	575.1	8982.95
911.61	575	9292.47
911.71	574.9	9684.78
911.81	574.8	10222.5
911.91	574.7	10707.8
912.01	574.6	11312.4
912.11	574.5	12120.3
912.21	574.4	12728.4
912.31	574.3	13481.1
912.41	574.2	14174.5
912.51	574.1	14909.9
912.61	574	15504.2
912.71	573.9	16268.1
912.81	573.8	17272.1
912.91	573.7	17888.4
913.01	573.6	18435
913.11	573.5	19090.5
913.21	573.4	19396.7
913.31	573.3	19716.1
913.41	573.2	19635.6
913.51	573.1	19447.4
913.61	573	19583.8
913.71	572.9	19296.1
913.81	572.8	18782.8
913.91	572.7	18202.7
914.01	572.6	17324.4
914.11	572.5	16668.3
914.21	572.4	15946.2
914.31	572.3	15247.6
914.41	572.2	14345.9
914.51	572.1	13276.1
914.61	572	12607.4
914.71	571.9	11732.5
914.81	571.8	10991.1
914.91	571.7	10336.3
915.01	571.6	9709.35
915.11	571.5	9196.56
915.21	571.4	8509.87
915.31	571.3	7885.88
915.41	571.2	7428.1
915.51	571.1	7160.71
915.61	571	6482.42
915.71	570.9	6109.53
915.81	570.8	5945.34
915.91	570.7	5614.85
916.01	570.6	5257.06
916.11	570.5	4930.57
916.21	570.4	4731.68
916.31	570.3	4420.99
916.41	570.2	4281.3
916.51	570.1	3952.41
916.61	570	3933.72
916.71	569.9	3690.48
916.81	569.8	3398.54
916.91	569.7	3162.85
917.01	569.6	3050.31
917.11	569.5	3002.69
917.21	569.4	2760.13
917.31	569.3	2679.63
917.41	569.2	2609.43
917.51	569.1	2534.68
917.61	569	2339.75
917.71	568.9	2283.42
917.81	568.8	2166.15
917.91	568.7	2105.12
918.01	568.6	2120.13
918.11	568.5	2020.06
918.21	568.4	1853.18
918.31	568.3	1778.89
918.41	568.2	1774.47
918.51	568.1	1850.38
918.61	568	1729.07
918.71	567.9	1689.06
918.81	567.8	1617.05
918.91	567.7	1499.82
919.01	567.6	1444.23
919.11	567.5	1390.55
919.21	567.4	1264.08
919.31	567.3	1190.11
919.41	567.2	1126.31
919.51	567.1	1184.33
919.61	567	1078.26
919.71	566.9	1097.41
919.81	566.8	1136.66
919.91	566.7	1119.24
920.01	566.6	1107.34
920.11	566.5	1056.26
920.21	566.4	1028.32
920.31	566.3	938.923
920.41	566.2	895.926
920.51	566.1	1016.22
920.61	566	880.421
920.71	565.9	778.873
920.81	565.8	878.045
920.91	565.7	1013.06
921.01	565.6	868.588
921.11	565.5	913.109
921.21	565.4	804.59
921.31	565.3	766.1
921.41	565.2	766.601
921.51	565.1	796.391
921.61	565	727.071
921.71	564.9	792.231
921.81	564.8	671.971
921.91	564.7	672.33
922.01	564.6	687.84
922.11	564.5	679.609
922.21	564.4	668.377
922.31	564.3	385.366
922.41	564.2	538.914
922.51	564.1	685.192
922.61	564	548.23
922.71	563.9	469.238
922.81	563.8	625.855
922.91	563.7	710.262
923.01	563.6	582.329
923.11	563.5	474.876
923.21	563.4	455.582
923.31	563.3	439.849
923.41	563.2	540.765
923.51	563.1	534.17
923.61	563	434.016
923.71	562.9	385.981
923.81	562.8	359.976
923.91	562.7	366.881
924.01	562.6	331.345
924.11	562.5	431.68
924.21	562.4	367.554
924.31	562.3	432.347
924.41	562.2	399.621
924.51	562.1	427.884
924.61	562	467.357
924.71	561.9	355.51
924.81	561.8	443.742
924.91	561.7	374.915
925.01	561.6	351.997
925.11	561.5	292.658
925.21	561.4	275.17
925.31	561.3	284.331
925.41	561.2	368.522
925.51	561.1	455.342
925.61	561	444.993
925.71	560.9	442.733
925.81	560.8	495.073
925.91	560.7	328.973
926.01	560.6	199.882
926.11	560.5	124.631
926.21	560.4	384.65
926.31	560.3	358.838
926.41	560.2	290.316
926.51	560.1	299.204
926.61	560	360.822
926.71	559.9	268.24
926.81	559.8	280.867
926.91	559.7	324.584
927.01	559.6	244.24
927.11	559.5	252.087
927.21	559.4	127.573
927.31	559.3	313.918
927.41	559.2	364.164
927.51	559.1	268.979
927.61	559	204.394
927.71	558.9	206.559
927.81	558.8	358.683
927.91	558.7	320.668
928.01	558.6	294.372
928.11	558.5	283.635
928.21	558.4	250.579
928.31	558.3	379.622
928.41	558.2	241.795
928.51	558.1	207.647
928.61	558	271.149
928.71	557.9	247.132
928.81	557.8	278.943
928.91	557.7	337.825
929.01	557.6	307.896
929.11	557.5	312.467
929.21	557.4	157.678
929.31	557.3	209.238
929.41	557.2	181.499
929.51	557.1	272.729
929.61	557	241.218
929.71	556.9	214.808
929.81	556.8	310.037
929.91	556.7	255.376
930.01	556.6	230.745
930.11	556.5	206.453
930.21	556.4	198.151
930.31	556.3	229.849
930.41	556.2	231.427
930.51	556.1	270.434
930.61	556	102.841
930.71	555.9	135.618
930.81	555.8	133.825
930.91	555.7	98.0912
931.01	555.6	227.917
931.11	555.5	133.463
931.21	555.4	160.149
931.31	555.3	25.8342
931.41	555.2	195.469
931.51	555.1	225.874
931.61	555	254.769
931.71	554.9	154.493
931.81	554.8	212.987
931.91	554.7	129.501
932.01	554.6	111.005
932.11	554.5	36.2082
932.21	554.4	145.411
932.31	554.3	132.244
932.41	554.2	177.727
932.51	554.1	135.499
932.61	554	222.821
932.71	553.9	129.393
932.81	553.8	215.405
932.91	553.7	123.776
933.01	553.6	196.427
933.11	553.5	185.368
933.21	553.4	181.109
933.31	553.3	147.01
933.41	553.2	113.08
933.51	553.1	236.67
933.61	553	81.3094
933.71	552.9	99.8488
933.81	552.8	219.178
933.91	552.7	133.387
934.01	552.6	129.316
934.11	552.5	173.264
934.21	552.4	92.9026
934.31	552.3	182.611
934.41	552.2	206.118
934.51	552.1	135.196
934.61	552	100.073
934.71	551.9	150.59
934.81	551.8	141.987
934.91	551.7	133.214
935.01	551.6	179.54
935.11	551.5	184.216
935.21	551.4	99.0923
935.31	551.3	271.078
935.41	551.2	199.853
935.51	551.1	58.7486
935.61	551	89.4736
935.71	550.9	113.518
935.81	550.8	78.2628
935.91	550.7	121.127
936.01	550.6	161.851
936.11	550.5	192.985
936.21	550.4	156.229
936.31	550.3	59.972
936.41	550.2	53.2151
936.51	550.1	98.038
936.61	550	73.7807
936.71	549.9	88.0132
936.81	549.8	10.4654
936.91	549.7	108.057
937.01	549.6	105.229
937.11	549.5	39.3207
937.21	549.4	126.592
937.31	549.3	316.593
937.41	549.2	217.794
937.51	549.1	121.505
937.61	549	88.3851
937.71	548.9	29.0953
937.81	548.8	153.515
937.91	548.7	182.185
938.01	548.6	98.4546
938.11	548.5	1.56396
938.21	548.4	66.1231
938.31	548.3	71.5919
938.41	548.2	160.241
938.51	548.1	99.3391
938.61	548	100.627
938.71	547.9	150.425
938.81	547.8	107.103
938.91	547.7	-72.8193
939.01	547.6	32.088
939.11	547.5	41.4552
939.21	547.4	169.302
939.31	547.3	132.789
939.41	547.2	167.715
939.51	547.1	171.932
939.61	547	160.558
939.71	546.9	178.224
939.81	546.8	130.649
939.91	546.7	171.565
940.01	546.6	60.0998
940.11	546.5	-16.0552
940.21	546.4	23.7796
940.31	546.3	79.2442
940.41	546.2	210.799
940.51	546.1	134.403
940.61	546	29.5467
940.71	545.9	163.74
940.81	545.8	44.724
940.91	545.7	18.6573
941.01	545.6	96.1804
941.11	545.5	167.283
941.21	545.4	106.176
941.31	545.3	136.859
941.41	545.2	61.3409
941.51	545.1	43.5829
941.61	545	91.1848
941.71	544.9	-74.6835
941.81	544.8	-38.832
941.91	544.7	59.1193
942.01	544.6	62.3204
942.11	544.5	170.671
942.21	544.4	35.1319
942.31	544.3	138.652
942.41	544.2	216.443
942.51	544.1	80.8927
942.61	544	48.3626
942.71	543.9	169.672
942.81	543.8	52.7017
942.91	543.7	74.481
943.01	543.6	185.17
943.11	543.5	47.4289
943.21	543.4	55.2676
943.31	543.3	81.4961
943.41	543.2	90.0543
943.51	543.1	43.5424
943.61	543	33.1303
943.71	542.9	77.048
943.81	542.8	111.286
943.91	542.7	145.083
944.01	542.6	124.36
944.11	542.5	-69.0331
944.21	542.4	68.8436
944.31	542.3	61.2401
944.41	542.2	42.1665
944.51	542.1	-64.5174
944.61	542	-51.0914
944.71	541.9	10.9543
944.81	541.8	79.1799
944.91	541.7	89.0853
945.01	541.6	94.5805
945.11	541.5	104.016
945.21	541.4	57.6703
945.31	541.3	94.285
945.41	541.2	85.8094
945.51	541.1	-2.86631
945.61	541	-57.6122
945.71	540.9	84.8917
945.81	540.8	58.8854
945.91	540.7	101.849
946.01	540.6	58.6522
946.11	540.5	111.205
946.21	540.4	136.648
946.31	540.3	119.971
946.41	540.2	28.4137
946.51	540.1	83.8361
946.61	540	65.2784
946.71	539.9	47.7104
946.81	539.8	46.0023
946.91	539.7	93.644
947.01	539.6	65.2155
947.11	539.5	5.53683
947.21	539.4	58.838
947.31	539.3	122.009
947.41	539.2	55.4398
947.51	539.1	69.3904
947.61	539	143.001
947.71	538.9	58.6311
947.81	538.8	150.971
947.91	538.7	138.821
948.01	538.6	-18.1492
948.11	538.5	14.8804
948.21	538.4	-19.7702
948.31	538.3	-34.491
948.41	538.2	80.398
948.51	538.1	116.337
948.61	538	201.846
948.71	537.9	34.2241
948.81	537.8	154.862
948.91	537.7	30.9706
949.01	537.6	69.5187
949.11	537.5	136.096
949.21	537.4	55.9442
949.31	537.3	108.722
949.41	537.2	35.759
949.51	537.1	23.8261
949.61	537	76.4931
949.71	536.9	73.08
949.81	536.8	27.3666
949.91	536.7	94.6131
950.01	536.6	83.9094
950.11	536.5	77.7456
950.21	536.4	90.9716
950.31	536.3	26.4274
950.41	536.2	-4.79692
950.51	536.1	3.22858
950.61	536	184.634
950.71	535.9	45.4891
950.81	535.8	29.1941
950.91	535.7	7.90895
951.01	535.6	90.3336
951.11	535.5	116.938
951.21	535.4	81.6325
951.31	535.3	35.8267
951.41	535.2	-13.4492
951.51	535.1	-81.5153
951.61	535	22.7084
951.71	534.9	137.702
951.81	534.8	152.835
951.91	534.7	82.0886
952.01	534.6	140.062
952.11	534.5	150.935
952.21	534.4	103.217
952.31	534.3	116.91
952.41	534.2	273.993
952.51	534.1	187.895
952.61	534	20.437
952.71	533.9	87.079
952.81	533.8	234.801
952.91	533.7	175.333
953.01	533.6	145.864
953.11	533.5	213.676
953.21	533.4	219.367
953.31	533.3	165.568
953.41	533.2	211.719
953.51	533.1	447.65
953.61	533	273.73
953.71	532.9	226.651
953.81	532.8	260.341
953.91	532.7	292.591
954.01	532.6	250.541
954.11	532.5	206.671
954.21	532.4	126.211
954.31	532.3	151.021
954.41	532.2	174.51
954.51	532.1	201.959
954.61	532	118.058
954.71	531.9	249.908
954.81	531.8	410.916
954.91	531.7	351.525
955.01	531.6	233.284
955.11	531.5	266.472
955.21	531.4	266.61
955.31	531.3	316.759
955.41	531.2	373.507
955.51	531.1	393.255
955.61	531	449.872
955.71	530.9	297.63
955.81	530.8	381.467
955.91	530.7	261.625
956.01	530.6	319.782
956.11	530.5	172.709
956.21	530.4	152.936
956.31	530.3	20.2126
956.41	530.2	57.9892
956.51	530.1	196.446
956.61	530	129.362
956.71	529.9	193.358
956.81	529.8	52.2143
956.91	529.7	-17.8097
957.01	529.6	74.8761
957.11	529.5	120.572
957.21	529.4	-26.2727
957.31	529.3	-131.417
957.41	529.2	-35.6919
957.51	529.1	55.8832
957.61	529	61.4582
957.71	528.9	-7.24688
957.81	528.8	110.398
957.91	528.7	-29.4775
958.01	528.6	-52.593
958.11	528.5	71.4514
958.21	528.4	90.1856
958.31	528.3	76.5097
958.41	528.2	-1.94628
958.51	528.1	25.7076
958.61	528	88.8313
958.71	527.9	-45.4551
958.81	527.8	54.2084
958.91	527.7	-37.4283
959.01	527.6	35.205
959.11	527.5	83.3681
959.21	527.4	14.661
959.31	527.3	108.344
959.41	527.2	43.1266
959.51	527.1	-45.4908
959.61	527	127.672
959.71	526.9	-0.345913
959.81	526.8	-30.8637
959.91	526.7	-34.9516
960.01	526.6	32.4305
960.11	526.5	-87.4477
960.21	526.4	76.0141
960.31	526.3	61.9557
960.41	526.2	62.0773
960.51	526.1	49.7287
960.61	526	-47.5601
960.71	525.9	-23.9289
960.81	525.8	26.7622
960.91	525.7	161.223
961.01	525.6	-58.8361
961.11	525.5	1.17462
961.21	525.4	-42.2748
961.31	525.3	11.4857
961.41	525.2	30.656
961.51	525.1	28.9063
961.61	525	-56.6736
961.71	524.9	33.7964
961.81	524.8	135.196
961.91	524.7	-17.2039
962.01	524.6	76.0158
962.11	524.5	-49.5346
962.21	524.4	43.6049
962.31	524.3	118.594
962.41	524.2	-12.5865
962.51	524.1	11.5526
962.61	524	39.4916
962.71	523.9	114.391
962.81	523.8	40.7693
962.91	523.7	-18.032
963.01	523.6	25.1566
963.11	523.5	-98.6449
963.21	523.4	-52.8865
963.31	523.3	62.3018
963.41	523.2	-1.98005
963.51	523.1	-51.252
963.61	523	19.986
963.71	522.9	-4.14617
963.81	522.8	120.692
963.91	522.7	142.849
964.01	522.6	-25.0232
964.11	522.5	-18.7458
964.21	522.4	89.1416
964.31	522.3	-5.31117
964.41	522.2	70.866
964.51	522.1	53.523
964.61	522	166.94
964.71	521.9	29.9068
964.81	521.8	38.4536
964.91	521.7	24.6102
965.01	521.6	-19.1332
965.11	521.5	20.6632
965.21	521.4	117.92
965.31	521.3	-12.3842
965.41	521.2	68.992
965.51	521.1	-70.3019
965.61	521	-13.376
965.71	520.9	-36.8101
965.81	520.8	74.0657
965.91	520.7	217.431
966.01	520.6	91.147
966.11	520.5	121.243
966.21	520.4	-47.4821
966.31	520.3	-9.70676
966.41	520.2	98.4685
966.51	520.1	-25.0664
966.61	520	21.8887
966.71	519.9	95.8236
966.81	519.8	-48.1715
966.91	519.7	-64.2867
967.01	519.6	3.08796
967.11	519.5	5.82256
967.21	519.4	77.0371
967.31	519.3	87.2115
967.41	519.2	3.58585
967.51	519.1	-43.0899
967.61	519	75.2943
967.71	518.9	-22.2516
967.81	518.8	-29.6376
967.91	518.7	-24.9837
968.01	518.6	-15.1899
968.11	518.5	93.0038
968.21	518.4	-9.72249
968.31	518.3	-43.2489
968.41	518.2	-11.3954
968.51	518.1	-68.182
968.61	518	113.081
968.71	517.9	-81.5554
968.81	517.8	49.6978
968.91	517.7	19.6009
969.01	517.6	36.7839
969.11	517.5	-76.3532
969.21	517.4	82.2997
969.31	517.3	131.382
969.41	517.2	65.8152
969.51	517.1	38.2878
969.61	517	-13.0897
969.71	516.9	-27.9472
969.81	516.8	-94.2348
969.91	516.7	60.2375
970.01	516.6	70.9898
970.11	516.5	-105.248
970.21	516.4	-44.976
970.31	516.3	176.396
970.41	516.2	125.988
970.51	516.1	54.5699
970.61	516	84.7917
970.71	515.9	80.5234
970.81	515.8	21.8051
970.91	515.7	47.7967
971.01	515.6	-22.4518
971.11	515.5	50.6896
971.21	515.4	-37.589
971.31	515.3	129.392
971.41	515.2	95.8236
971.51	515.1	186.585
971.61	515	180.466
971.71	514.9	105.517
971.81	514.8	108.258
971.91	514.7	37.4088
972.01	514.6	-48.3604
972.11	514.5	73.1504
972.21	514.4	-19.4989
972.31	514.3	19.5218
972.41	514.2	100.432
972.51	514.1	96.3629
972.61	514	126.093
972.71	513.9	122.074
972.81	513.8	101.624
972.91	513.7	153.414
973.01	513.6	160.135
973.11	513.5	-8.47532
973.21	513.4	138.585
973.31	513.3	68.7948
973.41	513.2	153.765
973.51	513.1	62.6947
973.61	513	45.1445
973.71	512.9	102.054
973.81	512.8	90.9841
973.91	512.7	70.4337
974.01	512.6	43.2234
974.11	512.5	49.8029
974.21	512.4	-0.0475685
974.31	512.3	180.512
974.41	512.2	93.1813
974.51	512.1	141.701
974.61	512	154.65
974.71	511.9	63.2692
974.81	511.8	36.6583
974.91	511.7	19.2575
975.01	511.6	88.0666
975.11	511.5	53.2156
975.21	511.4	-53.4654
975.31	511.3	-0.766504
975.41	511.2	85.3224
975.51	511.1	3.4212
975.61	511	53.45
975.71	510.9	89.8287
975.81	510.8	132.297
975.91	510.7	96.296
976.01	510.6	31.2646
976.11	510.5	111.673
976.21	510.4	-2.39837
976.31	510.3	-72.5899
976.41	510.2	27.9185
976.51	510.1	-17.5132
976.61	510	-32.4249
976.71	509.9	45.8834
976.81	509.8	104.852
976.91	509.7	-54.2002
977.01	509.6	82.6079
977.11	509.5	82.126
977.21	509.4	61.6641
977.31	509.3	20.2421
977.41	509.2	-5.29994
977.51	509.1	123.578
977.61	509	98.9859
977.71	508.9	40.0837
977.81	508.8	91.2715
977.91	508.7	71.7893
978.01	508.6	136.367
978.11	508.5	173.975
978.21	508.4	132.382
978.31	508.3	53.77
978.41	508.2	-52.2924
978.51	508.1	-81.6949
978.61	508	66.2026
978.71	507.9	-62.6799
978.81	507.8	-6.47245
978.91	507.7	27.365
979.01	507.6	13.7223
979.11	507.5	57.2697
979.21	507.4	74.697
979.31	507.3	-56.3458
979.41	507.2	-46.0685
979.51	507.1	40.9287
979.61	507	-11.8841
979.71	506.9	43.173
979.81	506.8	99.0201
979.91	506.7	-105.803
980.01	506.6	9.40428
980.11	506.5	33.1613
980.21	506.4	115.498
980.31	506.3	-94.2147
980.41	506.2	63.8622
980.51	506.1	126.149
980.61	506	53.696
980.71	505.9	177.693
980.81	505.8	0.999758
980.91	505.7	45.8366
981.01	505.6	68.4134
981.11	505.5	-13.1999
981.21	505.4	78.8469
981.31	505.3	125.454
981.41	505.2	119.74
981.51	505.1	190.417
981.61	505	177.924
981.71	504.9	117.49
981.81	504.8	61.6569
981.91	504.7	135.663
982.01	504.6	-4.27997
982.11	504.5	135.617
982.21	504.4	117.263
982.31	504.3	75.9396
982.41	504.2	-35.2039
982.51	504.1	-7.35741
982.61	504	3.80905
982.71	503.9	-20.3445
982.81	503.8	134.452
982.91	503.7	140.758
983.01	503.6	144.025
983.11	503.5	69.7811
983.21	503.4	124.117
983.31	503.3	53.7438
983.41	503.2	135.38
983.51	503.1	190.096
983.61	503	76.8928
983.71	502.9	41.7091
983.81	502.8	-22.0846
983.91	502.7	52.2816
984.01	502.6	72.1579
984.11	502.5	30.0342
984.21	502.4	-38.3196
984.31	502.3	36.7866
984.41	502.2	221.593
984.51	502.1	121.899
984.61	502	54.3353
984.71	501.9	-37.9085
984.81	501.8	71.4977
984.91	501.7	111.114
985.01	501.6	8.56004
985.11	501.5	108.786
985.21	501.4	49.6024
985.31	501.3	166.659
985.41	501.2	185.555
985.51	501.1	71.9809
985.61	501	-42.763
985.71	500.9	35.4232
985.81	500.8	18.4493
985.91	500.7	-10.5146
986.01	500.6	196.242
986.11	500.5	63.0477
986.21	500.4	-94.2561
986.31	500.3	0
986.41	500.2	0
986.51	500.1	0
986.61	500	0