c:\users\mark\owncloud\muelheim group\projects\gas phase background\ex340_cec356_ag he arm22.vms
Pr:Ag3p
	Characteristic Energy eV	1486.61	Acquisition Time s	2.7
KE_Pr:Ag3p	BE_Pr:Ag3p	CPS_Pr:Ag3p
686.61	800	0
686.71	799.9	0
686.81	799.8	0
686.91	799.7	0
687.01	799.6	0
687.11	799.5	2142.93
687.21	799.4	2102.95
687.31	799.3	2220.44
687.41	799.2	2216.13
687.51	799.1	2174.74
687.61	799	2171.57
687.71	798.9	2135.99
687.81	798.8	2147.45
687.91	798.7	2138.25
688.01	798.6	2231.38
688.11	798.5	2173.76
688.21	798.4	2167.34
688.31	798.3	2161.2
688.41	798.2	2176.18
688.51	798.1	2231.24
688.61	798	2224.33
688.71	797.9	2195.86
688.81	797.8	2143.96
688.91	797.7	2124.45
689.01	797.6	2151.8
689.11	797.5	2120.75
689.21	797.4	2154.91
689.31	797.3	2203.3
689.41	797.2	2256.2
689.51	797.1	2235.48
689.61	797	2203.16
689.71	796.9	2165.88
689.81	796.8	2211.49
689.91	796.7	2174.1
690.01	796.6	2224.94
690.11	796.5	2214.88
690.21	796.4	2270.75
690.31	796.3	2192.28
690.41	796.2	2201.78
690.51	796.1	2245.02
690.61	796	2270.15
690.71	795.9	2168.98
690.81	795.8	2182.51
690.91	795.7	2241.46
691.01	795.6	2220.73
691.11	795.5	2193.56
691.21	795.4	2181.77
691.31	795.3	2193.67
691.41	795.2	2228.28
691.51	795.1	2207.52
691.61	795	2135.02
691.71	794.9	2153.26
691.81	794.8	2193.94
691.91	794.7	2188.99
692.01	794.6	2231.16
692.11	794.5	2194.51
692.21	794.4	2170.71
692.31	794.3	2278.76
692.41	794.2	2197.97
692.51	794.1	2213.83
692.61	794	2237.74
692.71	793.9	2254.2
692.81	793.8	2212.96
692.91	793.7	2206.31
693.01	793.6	2252.1
693.11	793.5	2261.38
693.21	793.4	2249.77
693.31	793.3	2222.12
693.41	793.2	2246.72
693.51	793.1	2194.67
693.61	793	2245.65
693.71	792.9	2207.66
693.81	792.8	2211.72
693.91	792.7	2240.25
694.01	792.6	2286.53
694.11	792.5	2246.32
694.21	792.4	2202.01
694.31	792.3	2235.95
694.41	792.2	2222.78
694.51	792.1	2198.76
694.61	792	2211.96
694.71	791.9	2193.98
694.81	791.8	2223.84
694.91	791.7	2227.56
695.01	791.6	2275.95
695.11	791.5	2250.3
695.21	791.4	2279.61
695.31	791.3	2213.78
695.41	791.2	2256.35
695.51	791.1	2176.96
695.61	791	2221.27
695.71	790.9	2234.36
695.81	790.8	2295.04
695.91	790.7	2250.51
696.01	790.6	2221.37
696.11	790.5	2266.69
696.21	790.4	2288.18
696.31	790.3	2267.53
696.41	790.2	2249.36
696.51	790.1	2265.9
696.61	790	2226.32
696.71	789.9	2267.08
696.81	789.8	2213.24
696.91	789.7	2189
697.01	789.6	2274.5
697.11	789.5	2231.77
697.21	789.4	2264.97
697.31	789.3	2275.03
697.41	789.2	2257.64
697.51	789.1	2264.61
697.61	789	2269.11
697.71	788.9	2270.35
697.81	788.8	2302.7
697.91	788.7	2288.57
698.01	788.6	2255.03
698.11	788.5	2225.67
698.21	788.4	2189.62
698.31	788.3	2216.26
698.41	788.2	2221.35
698.51	788.1	2240.7
698.61	788	2250.42
698.71	787.9	2221.84
698.81	787.8	2272.52
698.91	787.7	2300.8
699.01	787.6	2289.74
699.11	787.5	2252.79
699.21	787.4	2292.55
699.31	787.3	2295.97
699.41	787.2	2285.32
699.51	787.1	2265.41
699.61	787	2287.06
699.71	786.9	2168.67
699.81	786.8	2195.94
699.91	786.7	2291.33
700.01	786.6	2266.49
700.11	786.5	2243.1
700.21	786.4	2251.74
700.31	786.3	2326.65
700.41	786.2	2283
700.51	786.1	2244.72
700.61	786	2319.77
700.71	785.9	2284.23
700.81	785.8	2317.87
700.91	785.7	2339.59
701.01	785.6	2310.53
701.11	785.5	2318.66
701.21	785.4	2310.75
701.31	785.3	2230.47
701.41	785.2	2217.04
701.51	785.1	2290.61
701.61	785	2303.18
701.71	784.9	2286.94
701.81	784.8	2299.47
701.91	784.7	2278.63
702.01	784.6	2265.02
702.11	784.5	2314.18
702.21	784.4	2221.83
702.31	784.3	2261.58
702.41	784.2	2233.78
702.51	784.1	2264.28
702.61	784	2261
702.71	783.9	2216.79
702.81	783.8	2269.95
702.91	783.7	2244.71
703.01	783.6	2280.8
703.11	783.5	2273.63
703.21	783.4	2355.64
703.31	783.3	2351.84
703.41	783.2	2359.93
703.51	783.1	2340.35
703.61	783	2340.33
703.71	782.9	2293.6
703.81	782.8	2284.77
703.91	782.7	2316.37
704.01	782.6	2304.35
704.11	782.5	2287.59
704.21	782.4	2311.23
704.31	782.3	2294.73
704.41	782.2	2318.11
704.51	782.1	2325.76
704.61	782	2355.77
704.71	781.9	2290.34
704.81	781.8	2338.13
704.91	781.7	2335.41
705.01	781.6	2350.72
705.11	781.5	2309.32
705.21	781.4	2333.82
705.31	781.3	2351.09
705.41	781.2	2375.48
705.51	781.1	2333.23
705.61	781	2302.28
705.71	780.9	2254.37
705.81	780.8	2288.16
705.91	780.7	2314.62
706.01	780.6	2290.41
706.11	780.5	2326.69
706.21	780.4	2336.59
706.31	780.3	2303.23
706.41	780.2	2298.58
706.51	780.1	2350.85
706.61	780	2372.05
706.71	779.9	2350.14
706.81	779.8	2362.63
706.91	779.7	2434.94
707.01	779.6	2407.07
707.11	779.5	2338.79
707.21	779.4	2330.65
707.31	779.3	2261
707.41	779.2	2317.94
707.51	779.1	2355.21
707.61	779	2335.85
707.71	778.9	2310.75
707.81	778.8	2372.32
707.91	778.7	2441.11
708.01	778.6	2407.98
708.11	778.5	2344.62
708.21	778.4	2337.93
708.31	778.3	2240.65
708.41	778.2	2360.48
708.51	778.1	2413.71
708.61	778	2342.8
708.71	777.9	2338.96
708.81	777.8	2317.57
708.91	777.7	2291.28
709.01	777.6	2317.3
709.11	777.5	2334.31
709.21	777.4	2351.8
709.31	777.3	2451.63
709.41	777.2	2417.27
709.51	777.1	2351.17
709.61	777	2379.3
709.71	776.9	2470.16
709.81	776.8	2364.55
709.91	776.7	2256.78
710.01	776.6	2327.16
710.11	776.5	2426.06
710.21	776.4	2344.82
710.31	776.3	2372.94
710.41	776.2	2347.92
710.51	776.1	2345.15
710.61	776	2315.46
710.71	775.9	2355.47
710.81	775.8	2353.34
710.91	775.7	2397.35
711.01	775.6	2324.03
711.11	775.5	2333.19
711.21	775.4	2324.98
711.31	775.3	2341.69
711.41	775.2	2368.78
711.51	775.1	2435.98
711.61	775	2424.77
711.71	774.9	2368.19
711.81	774.8	2367.46
711.91	774.7	2392.95
712.01	774.6	2400.78
712.11	774.5	2382.94
712.21	774.4	2308.87
712.31	774.3	2355.74
712.41	774.2	2392.42
712.51	774.1	2352.61
712.61	774	2334.51
712.71	773.9	2334.01
712.81	773.8	2348.39
712.91	773.7	2403.81
713.01	773.6	2366.48
713.11	773.5	2315.24
713.21	773.4	2333.77
713.31	773.3	2387.48
713.41	773.2	2441.64
713.51	773.1	2454.39
713.61	773	2381.44
713.71	772.9	2397.53
713.81	772.8	2350.54
713.91	772.7	2326.47
714.01	772.6	2382.45
714.11	772.5	2384.75
714.21	772.4	2412.84
714.31	772.3	2314.52
714.41	772.2	2424.27
714.51	772.1	2430.06
714.61	772	2358.73
714.71	771.9	2365.86
714.81	771.8	2418.94
714.91	771.7	2403.58
715.01	771.6	2396.22
715.11	771.5	2377.16
715.21	771.4	2443.09
715.31	771.3	2472.29
715.41	771.2	2473.22
715.51	771.1	2392.2
715.61	771	2376.43
715.71	770.9	2385.25
715.81	770.8	2358.89
715.91	770.7	2338.65
716.01	770.6	2377.8
716.11	770.5	2437.22
716.21	770.4	2406.86
716.31	770.3	2353.24
716.41	770.2	2404.81
716.51	770.1	2504.85
716.61	770	2402.01
716.71	769.9	2409.32
716.81	769.8	2403.47
716.91	769.7	2455.48
717.01	769.6	2455.31
717.11	769.5	2427.76
717.21	769.4	2468.14
717.31	769.3	2453.74
717.41	769.2	2435.75
717.51	769.1	2406.98
717.61	769	2372.44
717.71	768.9	2426.48
717.81	768.8	2431.64
717.91	768.7	2456.17
718.01	768.6	2397.77
718.11	768.5	2427.08
718.21	768.4	2369.49
718.31	768.3	2415.02
718.41	768.2	2441.69
718.51	768.1	2447.04
718.61	768	2399.12
718.71	767.9	2456.39
718.81	767.8	2433.54
718.91	767.7	2453.85
719.01	767.6	2449.93
719.11	767.5	2442.61
719.21	767.4	2428.98
719.31	767.3	2415.85
719.41	767.2	2468.15
719.51	767.1	2436.97
719.61	767	2509.76
719.71	766.9	2476.47
719.81	766.8	2454.15
719.91	766.7	2343.38
720.01	766.6	2396.98
720.11	766.5	2529.24
720.21	766.4	2476.1
720.31	766.3	2494.15
720.41	766.2	2432.49
720.51	766.1	2512.64
720.61	766	2410.32
720.71	765.9	2410.21
720.81	765.8	2436.37
720.91	765.7	2492.64
721.01	765.6	2475.72
721.11	765.5	2476.69
721.21	765.4	2489.07
721.31	765.3	2441.93
721.41	765.2	2478.49
721.51	765.1	2429.31
721.61	765	2468.76
721.71	764.9	2509.66
721.81	764.8	2481.55
721.91	764.7	2536.75
722.01	764.6	2535.09
722.11	764.5	2425.57
722.21	764.4	2476.1
722.31	764.3	2470.66
722.41	764.2	2433.7
722.51	764.1	2456.6
722.61	764	2510.68
722.71	763.9	2502.83
722.81	763.8	2432.66
722.91	763.7	2491.59
723.01	763.6	2433.22
723.11	763.5	2465.71
723.21	763.4	2444.64
723.31	763.3	2476.76
723.41	763.2	2428.58
723.51	763.1	2474.7
723.61	763	2501.59
723.71	762.9	2484.15
723.81	762.8	2446.35
723.91	762.7	2554.72
724.01	762.6	2448.17
724.11	762.5	2461.1
724.21	762.4	2469.7
724.31	762.3	2459.23
724.41	762.2	2438.93
724.51	762.1	2513.09
724.61	762	2517.76
724.71	761.9	2534.69
724.81	761.8	2510.36
724.91	761.7	2513.63
725.01	761.6	2542.63
725.11	761.5	2514.93
725.21	761.4	2496.2
725.31	761.3	2458.61
725.41	761.2	2485.5
725.51	761.1	2522.77
725.61	761	2539.03
725.71	760.9	2514.78
725.81	760.8	2481.78
725.91	760.7	2560.93
726.01	760.6	2523.57
726.11	760.5	2447.39
726.21	760.4	2543.61
726.31	760.3	2476.43
726.41	760.2	2517.14
726.51	760.1	2524.44
726.61	760	2549.07
726.71	759.9	2575.74
726.81	759.8	2548.9
726.91	759.7	2459.23
727.01	759.6	2437.13
727.11	759.5	2483.65
727.21	759.4	2541.13
727.31	759.3	2512.77
727.41	759.2	2505.29
727.51	759.1	2524.62
727.61	759	2415.96
727.71	758.9	2477.52
727.81	758.8	2542.49
727.91	758.7	2524.97
728.01	758.6	2507.79
728.11	758.5	2504.01
728.21	758.4	2559.28
728.31	758.3	2515.28
728.41	758.2	2506.24
728.51	758.1	2526.43
728.61	758	2555.95
728.71	757.9	2583.96
728.81	757.8	2519.92
728.91	757.7	2545.81
729.01	757.6	2531.93
729.11	757.5	2543
729.21	757.4	2565.67
729.31	757.3	2507.67
729.41	757.2	2519.05
729.51	757.1	2500.79
729.61	757	2614.27
729.71	756.9	2556.98
729.81	756.8	2554.87
729.91	756.7	2506.72
730.01	756.6	2487.72
730.11	756.5	2458.98
730.21	756.4	2576.36
730.31	756.3	2495.76
730.41	756.2	2487.54
730.51	756.1	2547.14
730.61	756	2600.06
730.71	755.9	2598.25
730.81	755.8	2561.18
730.91	755.7	2532.99
731.01	755.6	2656.37
731.11	755.5	2614.26
731.21	755.4	2534.18
731.31	755.3	2478.74
731.41	755.2	2589.29
731.51	755.1	2602.11
731.61	755	2573.81
731.71	754.9	2558.33
731.81	754.8	2602.26
731.91	754.7	2531
732.01	754.6	2576.56
732.11	754.5	2613.93
732.21	754.4	2601.07
732.31	754.3	2684.41
732.41	754.2	2602.93
732.51	754.1	2566.78
732.61	754	2639.22
732.71	753.9	2623.67
732.81	753.8	2623.78
732.91	753.7	2587.04
733.01	753.6	2620.7
733.11	753.5	2577.48
733.21	753.4	2586.66
733.31	753.3	2614.33
733.41	753.2	2642.18
733.51	753.1	2571.85
733.61	753	2589.73
733.71	752.9	2596.66
733.81	752.8	2594.21
733.91	752.7	2633.62
734.01	752.6	2657.88
734.11	752.5	2641.65
734.21	752.4	2582.32
734.31	752.3	2633.46
734.41	752.2	2565.28
734.51	752.1	2600.57
734.61	752	2611.2
734.71	751.9	2602.83
734.81	751.8	2595.05
734.91	751.7	2654.49
735.01	751.6	2597.49
735.11	751.5	2567.86
735.21	751.4	2602.85
735.31	751.3	2563.7
735.41	751.2	2559.59
735.51	751.1	2619.03
735.61	751	2634.7
735.71	750.9	2550.47
735.81	750.8	2628.65
735.91	750.7	2680.24
736.01	750.6	2658.46
736.11	750.5	2606.98
736.21	750.4	2599.98
736.31	750.3	2640.49
736.41	750.2	2628.41
736.51	750.1	2602.82
736.61	750	2653.41
736.71	749.9	2653.33
736.81	749.8	2615.81
736.91	749.7	2626.32
737.01	749.6	2604.24
737.11	749.5	2646.87
737.21	749.4	2627.35
737.31	749.3	2656.64
737.41	749.2	2613.04
737.51	749.1	2665
737.61	749	2627.4
737.71	748.9	2612.51
737.81	748.8	2601.69
737.91	748.7	2641.06
738.01	748.6	2626.31
738.11	748.5	2620.38
738.21	748.4	2591.6
738.31	748.3	2673.15
738.41	748.2	2723.07
738.51	748.1	2693.14
738.61	748	2669.32
738.71	747.9	2625.17
738.81	747.8	2648.2
738.91	747.7	2643.9
739.01	747.6	2649.45
739.11	747.5	2697.81
739.21	747.4	2694.92
739.31	747.3	2695.84
739.41	747.2	2668.28
739.51	747.1	2766.46
739.61	747	2646.3
739.71	746.9	2628.63
739.81	746.8	2648.4
739.91	746.7	2619.25
740.01	746.6	2614.65
740.11	746.5	2625.09
740.21	746.4	2620.52
740.31	746.3	2617.67
740.41	746.2	2632.84
740.51	746.1	2644.5
740.61	746	2657.76
740.71	745.9	2676.05
740.81	745.8	2662.08
740.91	745.7	2682.85
741.01	745.6	2701.39
741.11	745.5	2698.87
741.21	745.4	2709.75
741.31	745.3	2674.41
741.41	745.2	2673.36
741.51	745.1	2680.8
741.61	745	2744.46
741.71	744.9	2675.08
741.81	744.8	2641.82
741.91	744.7	2648.36
742.01	744.6	2639.28
742.11	744.5	2674.09
742.21	744.4	2750.93
742.31	744.3	2680.59
742.41	744.2	2746.1
742.51	744.1	2697.68
742.61	744	2626.9
742.71	743.9	2685.85
742.81	743.8	2716.88
742.91	743.7	2699.94
743.01	743.6	2668.6
743.11	743.5	2732.37
743.21	743.4	2752.62
743.31	743.3	2695.2
743.41	743.2	2646.9
743.51	743.1	2745.48
743.61	743	2754.55
743.71	742.9	2678.83
743.81	742.8	2707.05
743.91	742.7	2684.44
744.01	742.6	2719.58
744.11	742.5	2723.72
744.21	742.4	2665.19
744.31	742.3	2650.22
744.41	742.2	2722.35
744.51	742.1	2759.01
744.61	742	2706.74
744.71	741.9	2702.66
744.81	741.8	2730.98
744.91	741.7	2731.93
745.01	741.6	2720.14
745.11	741.5	2664.87
745.21	741.4	2718.12
745.31	741.3	2727
745.41	741.2	2713.43
745.51	741.1	2790.57
745.61	741	2709.45
745.71	740.9	2782.4
745.81	740.8	2783.64
745.91	740.7	2817.52
746.01	740.6	2794.25
746.11	740.5	2730.46
746.21	740.4	2646.19
746.31	740.3	2681.21
746.41	740.2	2671.46
746.51	740.1	2661.75
746.61	740	2672.84
746.71	739.9	2682.02
746.81	739.8	2702.74
746.91	739.7	2730.21
747.01	739.6	2755.57
747.11	739.5	2760.19
747.21	739.4	2728.62
747.31	739.3	2767.49
747.41	739.2	2743.96
747.51	739.1	2696.88
747.61	739	2773.53
747.71	738.9	2681.7
747.81	738.8	2764.61
747.91	738.7	2712.67
748.01	738.6	2668.03
748.11	738.5	2726.5
748.21	738.4	2780.08
748.31	738.3	2690.77
748.41	738.2	2704.23
748.51	738.1	2753.85
748.61	738	2688.35
748.71	737.9	2762.97
748.81	737.8	2733.25
748.91	737.7	2701.57
749.01	737.6	2722
749.11	737.5	2786.17
749.21	737.4	2753.78
749.31	737.3	2739.06
749.41	737.2	2724.05
749.51	737.1	2642.7
749.61	737	2668.05
749.71	736.9	2696.45
749.81	736.8	2679.65
749.91	736.7	2699.6
750.01	736.6	2743.25
750.11	736.5	2708.2
750.21	736.4	2758.85
750.31	736.3	2683.24
750.41	736.2	2720.96
750.51	736.1	2743.13
750.61	736	2737.97
750.71	735.9	2700.06
750.81	735.8	2720.08
750.91	735.7	2694.84
751.01	735.6	2676.9
751.11	735.5	2711.22
751.21	735.4	2703.87
751.31	735.3	2751.85
751.41	735.2	2762.31
751.51	735.1	2699.63
751.61	735	2711.46
751.71	734.9	2767.48
751.81	734.8	2763.76
751.91	734.7	2670.08
752.01	734.6	2763.39
752.11	734.5	2715.41
752.21	734.4	2702.99
752.31	734.3	2717.93
752.41	734.2	2731.54
752.51	734.1	2706.34
752.61	734	2723.25
752.71	733.9	2714.71
752.81	733.8	2711.39
752.91	733.7	2681.78
753.01	733.6	2743.21
753.11	733.5	2710.37
753.21	733.4	2684.24
753.31	733.3	2721.85
753.41	733.2	2695.02
753.51	733.1	2723.26
753.61	733	2680.5
753.71	732.9	2722.81
753.81	732.8	2721.35
753.91	732.7	2773.77
754.01	732.6	2737.75
754.11	732.5	2715.07
754.21	732.4	2656.56
754.31	732.3	2773.65
754.41	732.2	2729.26
754.51	732.1	2726.24
754.61	732	2782.7
754.71	731.9	2801.09
754.81	731.8	2821.07
754.91	731.7	2789.01
755.01	731.6	2762.32
755.11	731.5	2750.75
755.21	731.4	2847.06
755.31	731.3	2706.67
755.41	731.2	2758.02
755.51	731.1	2803.77
755.61	731	2768.94
755.71	730.9	2775.14
755.81	730.8	2764.93
755.91	730.7	2754.54
756.01	730.6	2768.63
756.11	730.5	2754.94
756.21	730.4	2722.36
756.31	730.3	2747.78
756.41	730.2	2752.68
756.51	730.1	2762.4
756.61	730	2751.64
756.71	729.9	2759.13
756.81	729.8	2695.33
756.91	729.7	2702.01
757.01	729.6	2741.21
757.11	729.5	2771.34
757.21	729.4	2778.8
757.31	729.3	2797.96
757.41	729.2	2748.05
757.51	729.1	2813.17
757.61	729	2713.66
757.71	728.9	2762.86
757.81	728.8	2787.73
757.91	728.7	2837.52
758.01	728.6	2804.12
758.11	728.5	2843.69
758.21	728.4	2777.81
758.31	728.3	2788.98
758.41	728.2	2798.25
758.51	728.1	2792.41
758.61	728	2856.6
758.71	727.9	2757.1
758.81	727.8	2791.04
758.91	727.7	2847.71
759.01	727.6	2813.98
759.11	727.5	2793
759.21	727.4	2754.53
759.31	727.3	2814.09
759.41	727.2	2764.03
759.51	727.1	2849.52
759.61	727	2803.16
759.71	726.9	2816.54
759.81	726.8	2777.48
759.91	726.7	2840.38
760.01	726.6	2869.76
760.11	726.5	2877.81
760.21	726.4	2771.3
760.31	726.3	2889.76
760.41	726.2	2825.21
760.51	726.1	2867.18
760.61	726	2890.23
760.71	725.9	2891.98
760.81	725.8	2919.99
760.91	725.7	2862.89
761.01	725.6	2831.93
761.11	725.5	2883.54
761.21	725.4	2897.77
761.31	725.3	2906.37
761.41	725.2	2937.34
761.51	725.1	2900.83
761.61	725	2956.03
761.71	724.9	2915
761.81	724.8	2985.12
761.91	724.7	2961.31
762.01	724.6	2923.5
762.11	724.5	2896.88
762.21	724.4	2914.56
762.31	724.3	2980.79
762.41	724.2	2921.57
762.51	724.1	2960.65
762.61	724	2888.4
762.71	723.9	2967.37
762.81	723.8	3025.16
762.91	723.7	2997.02
763.01	723.6	3021.06
763.11	723.5	2959.62
763.21	723.4	3014.82
763.31	723.3	3013.97
763.41	723.2	3028.2
763.51	723.1	3004.76
763.61	723	3041.88
763.71	722.9	3185.41
763.81	722.8	3148.49
763.91	722.7	3136.08
764.01	722.6	3148.87
764.11	722.5	3130.36
764.21	722.4	3154.29
764.31	722.3	3195.77
764.41	722.2	3188.71
764.51	722.1	3185.23
764.61	722	3157.68
764.71	721.9	3140.98
764.81	721.8	3221.25
764.91	721.7	3157.47
765.01	721.6	3188.18
765.11	721.5	3276.89
765.21	721.4	3194.19
765.31	721.3	3202.05
765.41	721.2	3263.31
765.51	721.1	3306.57
765.61	721	3250.43
765.71	720.9	3305.88
765.81	720.8	3286.77
765.91	720.7	3266.66
766.01	720.6	3294.71
766.11	720.5	3294.78
766.21	720.4	3262.93
766.31	720.3	3356.53
766.41	720.2	3391.01
766.51	720.1	3349.54
766.61	720	3322.98
766.71	719.9	3359.54
766.81	719.8	3339.92
766.91	719.7	3320.84
767.01	719.6	3362.85
767.11	719.5	3380.52
767.21	719.4	3327.81
767.31	719.3	3299.93
767.41	719.2	3303.56
767.51	719.1	3350.3
767.61	719	3343.64
767.71	718.9	3314.9
767.81	718.8	3347.38
767.91	718.7	3383.98
768.01	718.6	3315.72
768.11	718.5	3299.46
768.21	718.4	3275.65
768.31	718.3	3320.35
768.41	718.2	3286.5
768.51	718.1	3347.72
768.61	718	3298.32
768.71	717.9	3390.24
768.81	717.8	3349.61
768.91	717.7	3405.54
769.01	717.6	3264.32
769.11	717.5	3241.8
769.21	717.4	3291.95
769.31	717.3	3301.02
769.41	717.2	3298.61
769.51	717.1	3274.09
769.61	717	3222.87
769.71	716.9	3223.39
769.81	716.8	3220.54
769.91	716.7	3265.2
770.01	716.6	3230.42
770.11	716.5	3188.27
770.21	716.4	3192.57
770.31	716.3	3197.12
770.41	716.2	3185.94
770.51	716.1	3148.9
770.61	716	3125.38
770.71	715.9	3100.67
770.81	715.8	3144.71
770.91	715.7	3052.74
771.01	715.6	3087.93
771.11	715.5	3060.92
771.21	715.4	3113.25
771.31	715.3	3007.99
771.41	715.2	3051.21
771.51	715.1	3029.51
771.61	715	2982.91
771.71	714.9	2996.43
771.81	714.8	2911.01
771.91	714.7	2973.53
772.01	714.6	3068.75
772.11	714.5	2949.82
772.21	714.4	2863
772.31	714.3	2907.29
772.41	714.2	2962.81
772.51	714.1	2932.4
772.61	714	2847.73
772.71	713.9	2890.91
772.81	713.8	2878.2
772.91	713.7	2814.23
773.01	713.6	2780.26
773.11	713.5	2867.74
773.21	713.4	2875.62
773.31	713.3	2963.14
773.41	713.2	2969.17
773.51	713.1	2824.05
773.61	713	2803.45
773.71	712.9	2790.12
773.81	712.8	2827.11
773.91	712.7	2881.73
774.01	712.6	2878.95
774.11	712.5	2805.69
774.21	712.4	2807.49
774.31	712.3	2794.41
774.41	712.2	2822.41
774.51	712.1	2856.4
774.61	712	2827.17
774.71	711.9	2807.24
774.81	711.8	2789.53
774.91	711.7	2788.15
775.01	711.6	2708.22
775.11	711.5	2742.69
775.21	711.4	2784.76
775.31	711.3	2781.42
775.41	711.2	2712.26
775.51	711.1	2725.48
775.61	711	2627.25
775.71	710.9	2725.54
775.81	710.8	2779.34
775.91	710.7	2684.78
776.01	710.6	2678.25
776.11	710.5	2663.65
776.21	710.4	2664.94
776.31	710.3	2650.71
776.41	710.2	2649.44
776.51	710.1	2580.25
776.61	710	2618.05
776.71	709.9	2611.3
776.81	709.8	2606.59
776.91	709.7	2692.06
777.01	709.6	2659.87
777.11	709.5	2659.67
777.21	709.4	2643.81
777.31	709.3	2579.91
777.41	709.2	2620.68
777.51	709.1	2646.74
777.61	709	2647.51
777.71	708.9	2652.39
777.81	708.8	2631.19
777.91	708.7	2684.59
778.01	708.6	2598.13
778.11	708.5	2603.12
778.21	708.4	2662.96
778.31	708.3	2657.84
778.41	708.2	2565.64
778.51	708.1	2634.74
778.61	708	2637.55
778.71	707.9	2645.09
778.81	707.8	2613.71
778.91	707.7	2637.99
779.01	707.6	2624.28
779.11	707.5	2621.37
779.21	707.4	2592.66
779.31	707.3	2546.72
779.41	707.2	2562.12
779.51	707.1	2589.66
779.61	707	2608.72
779.71	706.9	2658.11
779.81	706.8	2582.92
779.91	706.7	2573.9
780.01	706.6	2572.33
780.11	706.5	2610.54
780.21	706.4	2650.94
780.31	706.3	2589.25
780.41	706.2	2571.69
780.51	706.1	2652.04
780.61	706	2580.14
780.71	705.9	2581.57
780.81	705.8	2548.48
780.91	705.7	2619.06
781.01	705.6	2606.04
781.11	705.5	2594.03
781.21	705.4	2599.94
781.31	705.3	2589.89
781.41	705.2	2540.69
781.51	705.1	2586.63
781.61	705	2542.92
781.71	704.9	2502.75
781.81	704.8	2558.59
781.91	704.7	2601.46
782.01	704.6	2540.56
782.11	704.5	2552.98
782.21	704.4	2589.49
782.31	704.3	2617.1
782.41	704.2	2643.75
782.51	704.1	2628.99
782.61	704	2604.2
782.71	703.9	2549.55
782.81	703.8	2561.09
782.91	703.7	2598.33
783.01	703.6	2467.43
783.11	703.5	2494.93
783.21	703.4	2653.06
783.31	703.3	2511.59
783.41	703.2	2489.13
783.51	703.1	2619.49
783.61	703	2547.91
783.71	702.9	2596.19
783.81	702.8	2553.62
783.91	702.7	2566.78
784.01	702.6	2547.84
784.11	702.5	2545.04
784.21	702.4	2541.58
784.31	702.3	2532.6
784.41	702.2	2618.35
784.51	702.1	2572.11
784.61	702	2518.91
784.71	701.9	2593.19
784.81	701.8	2645.42
784.91	701.7	2504.29
785.01	701.6	2520.57
785.11	701.5	2563.77
785.21	701.4	2599.9
785.31	701.3	2571.32
785.41	701.2	2637.08
785.51	701.1	2640.69
785.61	701	2574.11
785.71	700.9	2572.54
785.81	700.8	2585.7
785.91	700.7	2597.98
786.01	700.6	2622.1
786.11	700.5	2601.19
786.21	700.4	2502.54
786.31	700.3	2557
786.41	700.2	2622.2
786.51	700.1	2593
786.61	700	2620.23
786.71	699.9	2553.47
786.81	699.8	2556.89
786.91	699.7	2538.61
787.01	699.6	2543.62
787.11	699.5	2579.71
787.21	699.4	2577.91
787.31	699.3	2587.59
787.41	699.2	2519.05
787.51	699.1	2606.58
787.61	699	2563.12
787.71	698.9	2556.72
787.81	698.8	2526.81
787.91	698.7	2517.34
788.01	698.6	2623.8
788.11	698.5	2583.74
788.21	698.4	2504.23
788.31	698.3	2595.84
788.41	698.2	2529.26
788.51	698.1	2538.08
788.61	698	2486.87
788.71	697.9	2604.29
788.81	697.8	2606.3
788.91	697.7	2521.65
789.01	697.6	2532.51
789.11	697.5	2524.78
789.21	697.4	2595.46
789.31	697.3	2524.7
789.41	697.2	2546.78
789.51	697.1	2551.42
789.61	697	2599.4
789.71	696.9	2558.3
789.81	696.8	2559.79
789.91	696.7	2584.54
790.01	696.6	2578.25
790.11	696.5	2591
790.21	696.4	2632.38
790.31	696.3	2563.39
790.41	696.2	2538.96
790.51	696.1	2544.34
790.61	696	2567.57
790.71	695.9	2620.21
790.81	695.8	2536.7
790.91	695.7	2558.3
791.01	695.6	2580.79
791.11	695.5	2609.47
791.21	695.4	2508.55
791.31	695.3	2538.49
791.41	695.2	2586.2
791.51	695.1	2595.17
791.61	695	2560.58
791.71	694.9	2602.26
791.81	694.8	2607.93
791.91	694.7	2632.94
792.01	694.6	2542.47
792.11	694.5	2543.73
792.21	694.4	2485.96
792.31	694.3	2521.86
792.41	694.2	2531.61
792.51	694.1	2609.87
792.61	694	2575.47
792.71	693.9	2570.29
792.81	693.8	2598.08
792.91	693.7	2609.42
793.01	693.6	2608.5
793.11	693.5	2517.47
793.21	693.4	2578.55
793.31	693.3	2552.52
793.41	693.2	2527.74
793.51	693.1	2519.34
793.61	693	2553.94
793.71	692.9	2625.54
793.81	692.8	2604.36
793.91	692.7	2572.29
794.01	692.6	2589.26
794.11	692.5	2605.11
794.21	692.4	2516.41
794.31	692.3	2562.94
794.41	692.2	2574.42
794.51	692.1	2554.28
794.61	692	2560.58
794.71	691.9	2578.25
794.81	691.8	2597.66
794.91	691.7	2594.03
795.01	691.6	2619.44
795.11	691.5	2541
795.21	691.4	2563.78
795.31	691.3	2630.9
795.41	691.2	2582.42
795.51	691.1	2612.64
795.61	691	2607.05
795.71	690.9	2616.57
795.81	690.8	2618.24
795.91	690.7	2568.99
796.01	690.6	2593.06
796.11	690.5	2549.51
796.21	690.4	2581.07
796.31	690.3	2613.92
796.41	690.2	2559.18
796.51	690.1	2571.44
796.61	690	2574.81
796.71	689.9	2603.77
796.81	689.8	2601.52
796.91	689.7	2609.29
797.01	689.6	2588.37
797.11	689.5	2584.7
797.21	689.4	2585.63
797.31	689.3	2636.59
797.41	689.2	2585.44
797.51	689.1	2535.81
797.61	689	2492.59
797.71	688.9	2493.04
797.81	688.8	2616.66
797.91	688.7	2549.44
798.01	688.6	2564.66
798.11	688.5	2601.74
798.21	688.4	2583.88
798.31	688.3	2516.18
798.41	688.2	2614.44
798.51	688.1	2696.54
798.61	688	2612.99
798.71	687.9	2631.95
798.81	687.8	2675.06
798.91	687.7	2600.54
799.01	687.6	2555.98
799.11	687.5	2587.24
799.21	687.4	2582.01
799.31	687.3	2606.45
799.41	687.2	2584.41
799.51	687.1	2552.52
799.61	687	2551.33
799.71	686.9	2582.59
799.81	686.8	2624.29
799.91	686.7	2657.1
800.01	686.6	2545.87
800.11	686.5	2623.68
800.21	686.4	2644.6
800.31	686.3	2560.79
800.41	686.2	2610.19
800.51	686.1	2569.07
800.61	686	2493.44
800.71	685.9	2579.84
800.81	685.8	2671.5
800.91	685.7	2630.42
801.01	685.6	2596.49
801.11	685.5	2553.67
801.21	685.4	2649.59
801.31	685.3	2620.59
801.41	685.2	2612.32
801.51	685.1	2698.39
801.61	685	2559.75
801.71	684.9	2603.34
801.81	684.8	2641.63
801.91	684.7	2568.03
802.01	684.6	2594.13
802.11	684.5	2655.02
802.21	684.4	2628.9
802.31	684.3	2634.11
802.41	684.2	2528.14
802.51	684.1	2528.02
802.61	684	2624.35
802.71	683.9	2612.08
802.81	683.8	2527.37
802.91	683.7	2535.1
803.01	683.6	2588.73
803.11	683.5	2558.68
803.21	683.4	2638.56
803.31	683.3	2629.63
803.41	683.2	2623.14
803.51	683.1	2621.64
803.61	683	2666.23
803.71	682.9	2621.59
803.81	682.8	2638.32
803.91	682.7	2713.83
804.01	682.6	2676.38
804.11	682.5	2654.37
804.21	682.4	2601.69
804.31	682.3	2637.6
804.41	682.2	2603.93
804.51	682.1	2627.55
804.61	682	2538.09
804.71	681.9	2607.6
804.81	681.8	2634.62
804.91	681.7	2664.84
805.01	681.6	2613.45
805.11	681.5	2579.37
805.21	681.4	2572.39
805.31	681.3	2601.72
805.41	681.2	2584.11
805.51	681.1	2655.36
805.61	681	2653.01
805.71	680.9	2655.7
805.81	680.8	2607.14
805.91	680.7	2588.23
806.01	680.6	2602.67
806.11	680.5	2680.76
806.21	680.4	2645.64
806.31	680.3	2590.74
806.41	680.2	2663.39
806.51	680.1	2657.53
806.61	680	2611.14
806.71	679.9	2637.31
806.81	679.8	2665.04
806.91	679.7	2622.29
807.01	679.6	2702.12
807.11	679.5	2575.52
807.21	679.4	2600.98
807.31	679.3	2654.78
807.41	679.2	2650.73
807.51	679.1	2668.38
807.61	679	2653.63
807.71	678.9	2624.28
807.81	678.8	2649.34
807.91	678.7	2620.39
808.01	678.6	2663.49
808.11	678.5	2668.07
808.21	678.4	2651.01
808.31	678.3	2601.85
808.41	678.2	2623.35
808.51	678.1	2667.85
808.61	678	2691.54
808.71	677.9	2668.41
808.81	677.8	2645.02
808.91	677.7	2637.64
809.01	677.6	2648.51
809.11	677.5	2670.08
809.21	677.4	2680.29
809.31	677.3	2641.2
809.41	677.2	2652.73
809.51	677.1	2625.42
809.61	677	2630.73
809.71	676.9	2601.49
809.81	676.8	2634.33
809.91	676.7	2661.01
810.01	676.6	2645.92
810.11	676.5	2629.35
810.21	676.4	2647.07
810.31	676.3	2628.6
810.41	676.2	2627.14
810.51	676.1	2657.23
810.61	676	2621.06
810.71	675.9	2651.67
810.81	675.8	2692.36
810.91	675.7	2660.89
811.01	675.6	2603.2
811.11	675.5	2643.85
811.21	675.4	2724.72
811.31	675.3	2602.33
811.41	675.2	2588.68
811.51	675.1	2611.4
811.61	675	2699.38
811.71	674.9	2696.39
811.81	674.8	2769.55
811.91	674.7	2742.76
812.01	674.6	2720.92
812.11	674.5	2691.64
812.21	674.4	2707.8
812.31	674.3	2649.37
812.41	674.2	2779.13
812.51	674.1	2700.25
812.61	674	2646.64
812.71	673.9	2732.65
812.81	673.8	2667.07
812.91	673.7	2597.2
813.01	673.6	2681.8
813.11	673.5	2770.93
813.21	673.4	2685.98
813.31	673.3	2705.73
813.41	673.2	2701.45
813.51	673.1	2623.61
813.61	673	2615.33
813.71	672.9	2670.64
813.81	672.8	2697.72
813.91	672.7	2684.44
814.01	672.6	2663.41
814.11	672.5	2698.91
814.21	672.4	2666.25
814.31	672.3	2677.6
814.41	672.2	2664.02
814.51	672.1	2658.47
814.61	672	2751
814.71	671.9	2664.68
814.81	671.8	2683.88
814.91	671.7	2686.07
815.01	671.6	2708.23
815.11	671.5	2749.8
815.21	671.4	2725.14
815.31	671.3	2714.56
815.41	671.2	2717.16
815.51	671.1	2689.51
815.61	671	2655.63
815.71	670.9	2628.45
815.81	670.8	2710.94
815.91	670.7	2690.51
816.01	670.6	2682.74
816.11	670.5	2711.9
816.21	670.4	2617.87
816.31	670.3	2750.43
816.41	670.2	2711.59
816.51	670.1	2733.89
816.61	670	2771.75
816.71	669.9	2736.47
816.81	669.8	2724.66
816.91	669.7	2747.89
817.01	669.6	2745.67
817.11	669.5	2708.02
817.21	669.4	2703.32
817.31	669.3	2699.4
817.41	669.2	2754.93
817.51	669.1	2745.3
817.61	669	2718.27
817.71	668.9	2787.58
817.81	668.8	2729.73
817.91	668.7	2714.74
818.01	668.6	2710.34
818.11	668.5	2722.71
818.21	668.4	2791.16
818.31	668.3	2740.1
818.41	668.2	2690.4
818.51	668.1	2727.92
818.61	668	2744.82
818.71	667.9	2702.38
818.81	667.8	2679.01
818.91	667.7	2666.46
819.01	667.6	2586.95
819.11	667.5	2640.25
819.21	667.4	2756.59
819.31	667.3	2698.74
819.41	667.2	2670.08
819.51	667.1	2717.64
819.61	667	2709.86
819.71	666.9	2729.76
819.81	666.8	2725.32
819.91	666.7	2692.13
820.01	666.6	2695.25
820.11	666.5	2779.36
820.21	666.4	2691.44
820.31	666.3	2741.67
820.41	666.2	2769.85
820.51	666.1	2712.34
820.61	666	2748.23
820.71	665.9	2759.49
820.81	665.8	2843.79
820.91	665.7	2797.98
821.01	665.6	2736.57
821.11	665.5	2683.76
821.21	665.4	2689.69
821.31	665.3	2703.69
821.41	665.2	2709.24
821.51	665.1	2728.65
821.61	665	2716.21
821.71	664.9	2685.92
821.81	664.8	2708.36
821.91	664.7	2751.88
822.01	664.6	2713.44
822.11	664.5	2797.88
822.21	664.4	2696.29
822.31	664.3	2749.77
822.41	664.2	2658.4
822.51	664.1	2655.84
822.61	664	2701.92
822.71	663.9	2728.62
822.81	663.8	2768.77
822.91	663.7	2694.66
823.01	663.6	2690.54
823.11	663.5	2735.8
823.21	663.4	2771.99
823.31	663.3	2823.47
823.41	663.2	2746.35
823.51	663.1	2783.54
823.61	663	2719.72
823.71	662.9	2752.87
823.81	662.8	2702.98
823.91	662.7	2674.49
824.01	662.6	2747.82
824.11	662.5	2689.49
824.21	662.4	2769.93
824.31	662.3	2763.41
824.41	662.2	2729.26
824.51	662.1	2713.44
824.61	662	2735.22
824.71	661.9	2713.43
824.81	661.8	2777.14
824.91	661.7	2797.46
825.01	661.6	2741.31
825.11	661.5	2813.24
825.21	661.4	2728.12
825.31	661.3	2732.3
825.41	661.2	2699.78
825.51	661.1	2736.77
825.61	661	2794.77
825.71	660.9	2745.14
825.81	660.8	2731.91
825.91	660.7	2701.68
826.01	660.6	2759.38
826.11	660.5	2800.6
826.21	660.4	2780.96
826.31	660.3	2775.29
826.41	660.2	2747.62
826.51	660.1	2688.5
826.61	660	2824.75
826.71	659.9	2826.9
826.81	659.8	2746.19
826.91	659.7	2807.07
827.01	659.6	2708.02
827.11	659.5	2724.83
827.21	659.4	2829.09
827.31	659.3	2859.19
827.41	659.2	2779.29
827.51	659.1	2786.55
827.61	659	2751.8
827.71	658.9	2728.68
827.81	658.8	2825.6
827.91	658.7	2781.81
828.01	658.6	2747.66
828.11	658.5	2866.24
828.21	658.4	2843.49
828.31	658.3	2843.15
828.41	658.2	2779.25
828.51	658.1	2859.21
828.61	658	2868.79
828.71	657.9	2783.49
828.81	657.8	2814.22
828.91	657.7	2787.95
829.01	657.6	2822.57
829.11	657.5	2804.41
829.21	657.4	2754.03
829.31	657.3	2686.91
829.41	657.2	2829.9
829.51	657.1	2816.34
829.61	657	2847.14
829.71	656.9	2845.46
829.81	656.8	2845.56
829.91	656.7	2800.26
830.01	656.6	2848.58
830.11	656.5	2829.53
830.21	656.4	2823.67
830.31	656.3	2773.14
830.41	656.2	2798.57
830.51	656.1	2842.67
830.61	656	2828.99
830.71	655.9	2825.17
830.81	655.8	2826.97
830.91	655.7	2870.07
831.01	655.6	2829.73
831.11	655.5	2836.49
831.21	655.4	2830.26
831.31	655.3	2824.65
831.41	655.2	2856.12
831.51	655.1	2796.89
831.61	655	2804.39
831.71	654.9	2836.38
831.81	654.8	2883.59
831.91	654.7	2819.68
832.01	654.6	2821.78
832.11	654.5	2757.21
832.21	654.4	2829.05
832.31	654.3	2812.56
832.41	654.2	2828.99
832.51	654.1	2840.23
832.61	654	2885.18
832.71	653.9	2868.54
832.81	653.8	2800.45
832.91	653.7	2825.88
833.01	653.6	2771.68
833.11	653.5	2806.66
833.21	653.4	2869.5
833.31	653.3	2863.89
833.41	653.2	2895.88
833.51	653.1	2875.49
833.61	653	2818.03
833.71	652.9	2866.53
833.81	652.8	2854.33
833.91	652.7	2828.35
834.01	652.6	2809.63
834.11	652.5	2797.62
834.21	652.4	2817.23
834.31	652.3	2800.95
834.41	652.2	2813.98
834.51	652.1	2850
834.61	652	2805.9
834.71	651.9	2831.22
834.81	651.8	2801.28
834.91	651.7	2864.85
835.01	651.6	2834.76
835.11	651.5	2834.74
835.21	651.4	2802.95
835.31	651.3	2829.12
835.41	651.2	2824.62
835.51	651.1	2792.45
835.61	651	2865.47
835.71	650.9	2872.82
835.81	650.8	2791.47
835.91	650.7	2774.34
836.01	650.6	2778.69
836.11	650.5	2809.41
836.21	650.4	2769.95
836.31	650.3	2889.56
836.41	650.2	2869.65
836.51	650.1	2820.15
836.61	650	2863.91
836.71	649.9	2847.3
836.81	649.8	2794.13
836.91	649.7	2881.4
837.01	649.6	2872.86
837.11	649.5	2804.1
837.21	649.4	2827.31
837.31	649.3	2864.17
837.41	649.2	2886.86
837.51	649.1	2905.98
837.61	649	2911.19
837.71	648.9	2913.53
837.81	648.8	2775.36
837.91	648.7	2867.2
838.01	648.6	2871.84
838.11	648.5	2846.12
838.21	648.4	2814.91
838.31	648.3	2869.78
838.41	648.2	2906.09
838.51	648.1	2856.95
838.61	648	2787.78
838.71	647.9	2815.28
838.81	647.8	2931.33
838.91	647.7	2926.12
839.01	647.6	2866.95
839.11	647.5	2808.22
839.21	647.4	2869.35
839.31	647.3	2893.33
839.41	647.2	2825.38
839.51	647.1	2909.13
839.61	647	2972.03
839.71	646.9	2916.68
839.81	646.8	2967.91
839.91	646.7	2852.96
840.01	646.6	2803.42
840.11	646.5	2817.99
840.21	646.4	2822.3
840.31	646.3	2835.38
840.41	646.2	2838.54
840.51	646.1	2862.07
840.61	646	2832.57
840.71	645.9	2955.51
840.81	645.8	2895.3
840.91	645.7	2942.42
841.01	645.6	2883.32
841.11	645.5	2837.81
841.21	645.4	2820.34
841.31	645.3	2895.95
841.41	645.2	2862.51
841.51	645.1	2798.19
841.61	645	2832.87
841.71	644.9	2881.99
841.81	644.8	2881.52
841.91	644.7	2909.71
842.01	644.6	2954.8
842.11	644.5	2827.29
842.21	644.4	2860.19
842.31	644.3	2845.9
842.41	644.2	2861.17
842.51	644.1	2875.14
842.61	644	2829.26
842.71	643.9	2899.35
842.81	643.8	2864.8
842.91	643.7	2912.66
843.01	643.6	2870.41
843.11	643.5	2869.16
843.21	643.4	2901.35
843.31	643.3	2854.84
843.41	643.2	2832.63
843.51	643.1	2896.16
843.61	643	2910.31
843.71	642.9	2932.36
843.81	642.8	3003.55
843.91	642.7	2917.49
844.01	642.6	2881.31
844.11	642.5	2864.69
844.21	642.4	2917.29
844.31	642.3	2939.89
844.41	642.2	2883.89
844.51	642.1	2923.53
844.61	642	2867.54
844.71	641.9	2882.54
844.81	641.8	2946.33
844.91	641.7	2948.93
845.01	641.6	2814.93
845.11	641.5	2839.64
845.21	641.4	2924.17
845.31	641.3	2938.58
845.41	641.2	2980.29
845.51	641.1	2933.85
845.61	641	2921.12
845.71	640.9	2963.75
845.81	640.8	2885.65
845.91	640.7	2938.32
846.01	640.6	2917.25
846.11	640.5	2922.7
846.21	640.4	2933.85
846.31	640.3	2920.86
846.41	640.2	2911.08
846.51	640.1	3018.27
846.61	640	2929.2
846.71	639.9	2904.24
846.81	639.8	2900.36
846.91	639.7	2972.62
847.01	639.6	2940.59
847.11	639.5	2919.41
847.21	639.4	2959.71
847.31	639.3	2953.45
847.41	639.2	3026.31
847.51	639.1	2867.87
847.61	639	2891.83
847.71	638.9	2937.32
847.81	638.8	2905.1
847.91	638.7	2866.4
848.01	638.6	2987.18
848.11	638.5	2964.29
848.21	638.4	2932.77
848.31	638.3	2896.37
848.41	638.2	2923.41
848.51	638.1	2910.56
848.61	638	2895.15
848.71	637.9	2899.97
848.81	637.8	2925.01
848.91	637.7	2913.34
849.01	637.6	2974.42
849.11	637.5	2959.68
849.21	637.4	2952.57
849.31	637.3	2948.57
849.41	637.2	2906.98
849.51	637.1	2914.94
849.61	637	3017.57
849.71	636.9	2928.72
849.81	636.8	2941.46
849.91	636.7	3004.13
850.01	636.6	2974.24
850.11	636.5	2946.31
850.21	636.4	2898.53
850.31	636.3	2988.87
850.41	636.2	2920.01
850.51	636.1	3006.68
850.61	636	2962.31
850.71	635.9	3000.49
850.81	635.8	2966.42
850.91	635.7	2961.12
851.01	635.6	2923.23
851.11	635.5	3004.71
851.21	635.4	3072.3
851.31	635.3	2980.71
851.41	635.2	2988.89
851.51	635.1	3000.55
851.61	635	3040.11
851.71	634.9	3053.7
851.81	634.8	3052.73
851.91	634.7	3054.25
852.01	634.6	3104.99
852.11	634.5	3084.43
852.21	634.4	3036.28
852.31	634.3	2966.98
852.41	634.2	2932.9
852.51	634.1	3040.12
852.61	634	2983.71
852.71	633.9	2969.82
852.81	633.8	2985.33
852.91	633.7	2987.03
853.01	633.6	2918.84
853.11	633.5	2949.14
853.21	633.4	3017.54
853.31	633.3	3053.76
853.41	633.2	3101.35
853.51	633.1	3015.53
853.61	633	2966.86
853.71	632.9	3034.82
853.81	632.8	3061.85
853.91	632.7	3065.55
854.01	632.6	3055.8
854.11	632.5	2990.94
854.21	632.4	2992.42
854.31	632.3	3071.93
854.41	632.2	3076.63
854.51	632.1	3062.37
854.61	632	3094.88
854.71	631.9	3022.24
854.81	631.8	3001.35
854.91	631.7	3093.6
855.01	631.6	3144.74
855.11	631.5	3089.22
855.21	631.4	3070.36
855.31	631.3	3053.87
855.41	631.2	3103.16
855.51	631.1	3061.56
855.61	631	3082.15
855.71	630.9	3150.29
855.81	630.8	3159.06
855.91	630.7	3163.39
856.01	630.6	3163.86
856.11	630.5	3134.78
856.21	630.4	3200.47
856.31	630.3	3138.06
856.41	630.2	3085.61
856.51	630.1	3090.12
856.61	630	3164
856.71	629.9	3187.99
856.81	629.8	3160.06
856.91	629.7	3170.71
857.01	629.6	3081.56
857.11	629.5	3126.81
857.21	629.4	3106.13
857.31	629.3	3110.86
857.41	629.2	3143.52
857.51	629.1	3200.44
857.61	629	3162.65
857.71	628.9	3166.23
857.81	628.8	3196.52
857.91	628.7	3182.55
858.01	628.6	3164.65
858.11	628.5	3159.08
858.21	628.4	3174.7
858.31	628.3	3129.03
858.41	628.2	3169.24
858.51	628.1	3166.75
858.61	628	3184.88
858.71	627.9	3190.5
858.81	627.8	3208.64
858.91	627.7	3122.3
859.01	627.6	3188.88
859.11	627.5	3150.64
859.21	627.4	3196.34
859.31	627.3	3164.69
859.41	627.2	3224.09
859.51	627.1	3168.12
859.61	627	3182.66
859.71	626.9	3174.94
859.81	626.8	3212.34
859.91	626.7	3185.81
860.01	626.6	3179.35
860.11	626.5	3197.71
860.21	626.4	3104.18
860.31	626.3	3176.54
860.41	626.2	3214.52
860.51	626.1	3239.62
860.61	626	3238.16
860.71	625.9	3208.49
860.81	625.8	3220.43
860.91	625.7	3279.75
861.01	625.6	3191.07
861.11	625.5	3278.73
861.21	625.4	3274.42
861.31	625.3	3246.96
861.41	625.2	3274.5
861.51	625.1	3220.89
861.61	625	3259.32
861.71	624.9	3199.35
861.81	624.8	3212.41
861.91	624.7	3299.24
862.01	624.6	3273.56
862.11	624.5	3167.99
862.21	624.4	3214.68
862.31	624.3	3177.63
862.41	624.2	3189.65
862.51	624.1	3114.9
862.61	624	3060.51
862.71	623.9	3101.09
862.81	623.8	3105.33
862.91	623.7	3119.72
863.01	623.6	3046.3
863.11	623.5	3027.28
863.21	623.4	3030.42
863.31	623.3	3048.21
863.41	623.2	3092.42
863.51	623.1	3081.77
863.61	623	3058.68
863.71	622.9	2958.41
863.81	622.8	2988.02
863.91	622.7	2999.26
864.01	622.6	2981.87
864.11	622.5	2983.45
864.21	622.4	3029.25
864.31	622.3	2907.6
864.41	622.2	2899.44
864.51	622.1	2955.49
864.61	622	3010.96
864.71	621.9	3043.57
864.81	621.8	2988.55
864.91	621.7	2946.01
865.01	621.6	2981.81
865.11	621.5	2994.79
865.21	621.4	2995.7
865.31	621.3	2972.38
865.41	621.2	2934.37
865.51	621.1	2900.16
865.61	621	2979.14
865.71	620.9	2978.23
865.81	620.8	2986.1
865.91	620.7	2983.68
866.01	620.6	2960.88
866.11	620.5	2952.64
866.21	620.4	2932.73
866.31	620.3	2959.67
866.41	620.2	2918.73
866.51	620.1	2989.3
866.61	620	2916.17
866.71	619.9	2943.41
866.81	619.8	2986.13
866.91	619.7	2932.22
867.01	619.6	2950.2
867.11	619.5	2929.1
867.21	619.4	2990.49
867.31	619.3	2924.58
867.41	619.2	2908.41
867.51	619.1	2943.69
867.61	619	2981.41
867.71	618.9	2992.13
867.81	618.8	2835.18
867.91	618.7	2970.08
868.01	618.6	2883.73
868.11	618.5	2930.78
868.21	618.4	2917.72
868.31	618.3	2907.37
868.41	618.2	2925.42
868.51	618.1	2945.06
868.61	618	2932.15
868.71	617.9	2969.17
868.81	617.8	2949
868.91	617.7	2969.64
869.01	617.6	2860.77
869.11	617.5	2902.15
869.21	617.4	2898.42
869.31	617.3	2886.62
869.41	617.2	2890.04
869.51	617.1	2887.76
869.61	617	2867.29
869.71	616.9	2913.16
869.81	616.8	2844.51
869.91	616.7	2826.07
870.01	616.6	2841.42
870.11	616.5	2911.29
870.21	616.4	2940.71
870.31	616.3	2921.57
870.41	616.2	2933.88
870.51	616.1	2873.34
870.61	616	2892.65
870.71	615.9	2868.36
870.81	615.8	2877.23
870.91	615.7	2956.61
871.01	615.6	2890.55
871.11	615.5	2816.82
871.21	615.4	2790.76
871.31	615.3	2949.32
871.41	615.2	2978.85
871.51	615.1	2897.12
871.61	615	2856.99
871.71	614.9	2868.92
871.81	614.8	2822.08
871.91	614.7	2902.02
872.01	614.6	2837.4
872.11	614.5	2918.15
872.21	614.4	2930.24
872.31	614.3	2877.14
872.41	614.2	2906.85
872.51	614.1	2861.38
872.61	614	2934.54
872.71	613.9	2834.18
872.81	613.8	2856.56
872.91	613.7	2891.2
873.01	613.6	2894.39
873.11	613.5	2951.63
873.21	613.4	3015.34
873.31	613.3	2995.53
873.41	613.2	2940.47
873.51	613.1	2857.81
873.61	613	2926.64
873.71	612.9	2940.24
873.81	612.8	2947.73
873.91	612.7	2953.59
874.01	612.6	2867.01
874.11	612.5	2939.24
874.21	612.4	3003.58
874.31	612.3	2906.74
874.41	612.2	2900.34
874.51	612.1	2917.64
874.61	612	2953.72
874.71	611.9	2957.25
874.81	611.8	2960.63
874.91	611.7	2890.86
875.01	611.6	2960.01
875.11	611.5	2958.39
875.21	611.4	2976.81
875.31	611.3	2951.96
875.41	611.2	2912.49
875.51	611.1	2958.05
875.61	611	2943.65
875.71	610.9	2995.25
875.81	610.8	3051.63
875.91	610.7	2975.78
876.01	610.6	3023.23
876.11	610.5	3117.24
876.21	610.4	3041.58
876.31	610.3	2972.18
876.41	610.2	3078.08
876.51	610.1	3062.56
876.61	610	3007.2
876.71	609.9	3065.39
876.81	609.8	3083.21
876.91	609.7	3078.22
877.01	609.6	3122.59
877.11	609.5	3146.52
877.21	609.4	3185.64
877.31	609.3	3142.39
877.41	609.2	3189.62
877.51	609.1	3129.25
877.61	609	3223.22
877.71	608.9	3213.37
877.81	608.8	3188.75
877.91	608.7	3194.23
878.01	608.6	3236.13
878.11	608.5	3272.54
878.21	608.4	3317.43
878.31	608.3	3304.62
878.41	608.2	3303
878.51	608.1	3343.26
878.61	608	3335.78
878.71	607.9	3328.05
878.81	607.8	3387.53
878.91	607.7	3495.46
879.01	607.6	3554.24
879.11	607.5	3517.58
879.21	607.4	3609.69
879.31	607.3	3591.59
879.41	607.2	3645.41
879.51	607.1	3685.78
879.61	607	3677.67
879.71	606.9	3753.38
879.81	606.8	3842.68
879.91	606.7	3878.01
880.01	606.6	4020.16
880.11	606.5	4097.13
880.21	606.4	4059.69
880.31	606.3	4164.21
880.41	606.2	4214.47
880.51	606.1	4312.51
880.61	606	4426.96
880.71	605.9	4518.55
880.81	605.8	4632.52
880.91	605.7	4804.59
881.01	605.6	4956.85
881.11	605.5	5068.63
881.21	605.4	5238.56
881.31	605.3	5379.49
881.41	605.2	5633.38
881.51	605.1	5822.42
881.61	605	6041.05
881.71	604.9	6265.53
881.81	604.8	6539.61
881.91	604.7	6828.87
882.01	604.6	6967.42
882.11	604.5	7120.46
882.21	604.4	7317.57
882.31	604.3	7429.76
882.41	604.2	7609.91
882.51	604.1	7640.98
882.61	604	7674.2
882.71	603.9	7718.8
882.81	603.8	7681.61
882.91	603.7	7467.83
883.01	603.6	7418.39
883.11	603.5	7234.31
883.21	603.4	6986.76
883.31	603.3	6798.68
883.41	603.2	6554.05
883.51	603.1	6205.87
883.61	603	5945.13
883.71	602.9	5750.39
883.81	602.8	5613.61
883.91	602.7	5414.87
884.01	602.6	5131.2
884.11	602.5	4939.38
884.21	602.4	4722.86
884.31	602.3	4526.6
884.41	602.2	4376.38
884.51	602.1	4334.93
884.61	602	4237.38
884.71	601.9	4150.6
884.81	601.8	3910.15
884.91	601.7	3879.41
885.01	601.6	3808.11
885.11	601.5	3734.07
885.21	601.4	3613.73
885.31	601.3	3545.44
885.41	601.2	3559.55
885.51	601.1	3521.51
885.61	601	3368.91
885.71	600.9	3263.35
885.81	600.8	3180.42
885.91	600.7	3169.2
886.01	600.6	3263.35
886.11	600.5	3199.97
886.21	600.4	3118.56
886.31	600.3	3118.6
886.41	600.2	3061.81
886.51	600.1	3089.29
886.61	600	3101.92
886.71	599.9	2954.8
886.81	599.8	2985.65
886.91	599.7	2942.72
887.01	599.6	2983.72
887.11	599.5	2935.16
887.21	599.4	2932.16
887.31	599.3	2985.78
887.41	599.2	2918.78
887.51	599.1	2932.55
887.61	599	2922.88
887.71	598.9	2893.47
887.81	598.8	2809.47
887.91	598.7	2783.17
888.01	598.6	2800.61
888.11	598.5	2818.71
888.21	598.4	2850.45
888.31	598.3	2856.96
888.41	598.2	2754.59
888.51	598.1	2775.43
888.61	598	2823.72
888.71	597.9	2753.42
888.81	597.8	2751.38
888.91	597.7	2762.26
889.01	597.6	2880.26
889.11	597.5	2802.96
889.21	597.4	2758.03
889.31	597.3	2750.43
889.41	597.2	2710.5
889.51	597.1	2683.42
889.61	597	2767.08
889.71	596.9	2726.22
889.81	596.8	2656.99
889.91	596.7	2716.58
890.01	596.6	2723.35
890.11	596.5	2683.57
890.21	596.4	2642.74
890.31	596.3	2673.29
890.41	596.2	2732.73
890.51	596.1	2655.73
890.61	596	2702.31
890.71	595.9	2736.53
890.81	595.8	2750.82
890.91	595.7	2720.36
891.01	595.6	2686.77
891.11	595.5	2674.83
891.21	595.4	2672.01
891.31	595.3	2669.71
891.41	595.2	2709.4
891.51	595.1	2715.03
891.61	595	2732.94
891.71	594.9	2732.64
891.81	594.8	2740.78
891.91	594.7	2703.7
892.01	594.6	2763.58
892.11	594.5	2758.05
892.21	594.4	2667.68
892.31	594.3	2721.48
892.41	594.2	2692.1
892.51	594.1	2663.21
892.61	594	2580.27
892.71	593.9	2631.41
892.81	593.8	2565.11
892.91	593.7	2601.65
893.01	593.6	2592.61
893.11	593.5	2591.3
893.21	593.4	2492.11
893.31	593.3	2486.03
893.41	593.2	2412.09
893.51	593.1	2436.12
893.61	593	2432.74
893.71	592.9	2390.18
893.81	592.8	2396.5
893.91	592.7	2378.6
894.01	592.6	2322
894.11	592.5	2306.07
894.21	592.4	2323.2
894.31	592.3	2233.49
894.41	592.2	2137.56
894.51	592.1	2208.4
894.61	592	2173.8
894.71	591.9	2177.93
894.81	591.8	2160.55
894.91	591.7	2246.32
895.01	591.6	2147.9
895.11	591.5	2187.19
895.21	591.4	2184.03
895.31	591.3	2157.43
895.41	591.2	2098.57
895.51	591.1	2075.11
895.61	591	2075.84
895.71	590.9	2073.09
895.81	590.8	2071.67
895.91	590.7	2088.36
896.01	590.6	2087.17
896.11	590.5	2101.9
896.21	590.4	2055.96
896.31	590.3	2048.17
896.41	590.2	2055.87
896.51	590.1	2030.63
896.61	590	2022.99
896.71	589.9	2022.61
896.81	589.8	2055.19
896.91	589.7	1982.44
897.01	589.6	2061.28
897.11	589.5	2034.08
897.21	589.4	1957.88
897.31	589.3	1923.39
897.41	589.2	1983.56
897.51	589.1	1988.85
897.61	589	1994.13
897.71	588.9	2006.94
897.81	588.8	1986.66
897.91	588.7	2040.28
898.01	588.6	1975.05
898.11	588.5	1880.07
898.21	588.4	1939.13
898.31	588.3	2037.75
898.41	588.2	1963
898.51	588.1	1868.36
898.61	588	1924.94
898.71	587.9	1949.03
898.81	587.8	1913.95
898.91	587.7	1951.45
899.01	587.6	1845.29
899.11	587.5	1893.09
899.21	587.4	1911.52
899.31	587.3	1905.14
899.41	587.2	1874.35
899.51	587.1	1819.86
899.61	587	1814.88
899.71	586.9	1919.31
899.81	586.8	1935.07
899.91	586.7	1937.02
900.01	586.6	1955.82
900.11	586.5	1927.81
900.21	586.4	1866.5
900.31	586.3	1840.49
900.41	586.2	1898.47
900.51	586.1	1869.39
900.61	586	1906.19
900.71	585.9	1833.62
900.81	585.8	1858.79
900.91	585.7	1950
901.01	585.6	1925.68
901.11	585.5	1876.19
901.21	585.4	1886.73
901.31	585.3	1819.94
901.41	585.2	1846.11
901.51	585.1	1860.57
901.61	585	1827.34
901.71	584.9	1823.99
901.81	584.8	1798.09
901.91	584.7	1897.22
902.01	584.6	1829.17
902.11	584.5	1754.23
902.21	584.4	1826.1
902.31	584.3	1773.94
902.41	584.2	1721.37
902.51	584.1	1760.09
902.61	584	1831.48
902.71	583.9	1757.25
902.81	583.8	1815.97
902.91	583.7	1853.84
903.01	583.6	1822.64
903.11	583.5	1774.44
903.21	583.4	1830.02
903.31	583.3	1732.89
903.41	583.2	1813.32
903.51	583.1	1755.79
903.61	583	1823.62
903.71	582.9	1806.09
903.81	582.8	1847.03
903.91	582.7	1888.13
904.01	582.6	1816.22
904.11	582.5	1881.8
904.21	582.4	1837.97
904.31	582.3	1834.21
904.41	582.2	1876.23
904.51	582.1	1784.1
904.61	582	1816.2
904.71	581.9	1848.89
904.81	581.8	1817.94
904.91	581.7	1862.26
905.01	581.6	1871.24
905.11	581.5	1877.71
905.21	581.4	1950.69
905.31	581.3	1903.49
905.41	581.2	1838.58
905.51	581.1	1853.27
905.61	581	1834.99
905.71	580.9	1927.72
905.81	580.8	1940.55
905.91	580.7	1915.5
906.01	580.6	1967.11
906.11	580.5	1985.39
906.21	580.4	1938.89
906.31	580.3	1974.68
906.41	580.2	1985.48
906.51	580.1	1907.39
906.61	580	1938.45
906.71	579.9	2020.61
906.81	579.8	1957.74
906.91	579.7	2035.39
907.01	579.6	2015.49
907.11	579.5	2061.5
907.21	579.4	2118.93
907.31	579.3	2098.88
907.41	579.2	2117.97
907.51	579.1	2132.8
907.61	579	2107.71
907.71	578.9	2090.43
907.81	578.8	2127.49
907.91	578.7	2105.14
908.01	578.6	2171.04
908.11	578.5	2196.95
908.21	578.4	2259.08
908.31	578.3	2252.91
908.41	578.2	2263.52
908.51	578.1	2327.73
908.61	578	2340.89
908.71	577.9	2446.13
908.81	577.8	2424.11
908.91	577.7	2450.72
909.01	577.6	2451.7
909.11	577.5	2538.83
909.21	577.4	2624.89
909.31	577.3	2607.05
909.41	577.2	2676.78
909.51	577.1	2709.35
909.61	577	2727.11
909.71	576.9	2808.38
909.81	576.8	2866.03
909.91	576.7	2966.86
910.01	576.6	2990.99
910.11	576.5	3015.93
910.21	576.4	3112.14
910.31	576.3	3220.15
910.41	576.2	3356.5
910.51	576.1	3395.67
910.61	576	3525.98
910.71	575.9	3665.04
910.81	575.8	3677.54
910.91	575.7	3916.14
911.01	575.6	4069.38
911.11	575.5	4159.4
911.21	575.4	4415.19
911.31	575.3	4612.06
911.41	575.2	4747.71
911.51	575.1	4966.43
911.61	575	5161.89
911.71	574.9	5458.76
911.81	574.8	5720.29
911.91	574.7	6052.98
912.01	574.6	6417.14
912.11	574.5	6698.42
912.21	574.4	7012.51
912.31	574.3	7468.45
912.41	574.2	7817.43
912.51	574.1	8305.3
912.61	574	8716.94
912.71	573.9	9090.44
912.81	573.8	9552.79
912.91	573.7	9958.77
913.01	573.6	10234.3
913.11	573.5	10544.9
913.21	573.4	10748.1
913.31	573.3	10911.5
913.41	573.2	10918.4
913.51	573.1	10890.7
913.61	573	10859.9
913.71	572.9	10646.4
913.81	572.8	10431.2
913.91	572.7	10056.7
914.01	572.6	9795.34
914.11	572.5	9255.58
914.21	572.4	8750.52
914.31	572.3	8470.65
914.41	572.2	8094
914.51	572.1	7564.94
914.61	572	7017.25
914.71	571.9	6590.82
914.81	571.8	6199.24
914.91	571.7	5778.7
915.01	571.6	5402.2
915.11	571.5	5059.03
915.21	571.4	4724.3
915.31	571.3	4413.95
915.41	571.2	4199.11
915.51	571.1	3833.79
915.61	571	3667.66
915.71	570.9	3440.52
915.81	570.8	3174.46
915.91	570.7	3078.92
916.01	570.6	2905.68
916.11	570.5	2753.88
916.21	570.4	2613.11
916.31	570.3	2485.94
916.41	570.2	2273.36
916.51	570.1	2203.71
916.61	570	2113.32
916.71	569.9	1975.92
916.81	569.8	1875.68
916.91	569.7	1863.4
917.01	569.6	1764.97
917.11	569.5	1717.61
917.21	569.4	1588.29
917.31	569.3	1509.19
917.41	569.2	1438.35
917.51	569.1	1425.15
917.61	569	1338.68
917.71	568.9	1336.25
917.81	568.8	1254.33
917.91	568.7	1140.53
918.01	568.6	1147.14
918.11	568.5	1099.41
918.21	568.4	1040.42
918.31	568.3	1033.22
918.41	568.2	990.674
918.51	568.1	1016.84
918.61	568	991.922
918.71	567.9	972.158
918.81	567.8	945.023
918.91	567.7	807.962
919.01	567.6	785.308
919.11	567.5	768.321
919.21	567.4	801.482
919.31	567.3	819.643
919.41	567.2	802.915
919.51	567.1	729.262
919.61	567	745.015
919.71	566.9	688.509
919.81	566.8	640.522
919.91	566.7	615.905
920.01	566.6	623.844
920.11	566.5	616.671
920.21	566.4	558.276
920.31	566.3	622.104
920.41	566.2	552.561
920.51	566.1	530.462
920.61	566	496.845
920.71	565.9	466.524
920.81	565.8	537.795
920.91	565.7	500.178
921.01	565.6	499.153
921.11	565.5	552.202
921.21	565.4	487.992
921.31	565.3	432.93
921.41	565.2	412.35
921.51	565.1	402.214
921.61	565	340.596
921.71	564.9	420.571
921.81	564.8	471.62
921.91	564.7	396.595
922.01	564.6	407.977
922.11	564.5	381.026
922.21	564.4	375.112
922.31	564.3	360.42
922.41	564.2	309.469
922.51	564.1	334.962
922.61	564	321.752
922.71	563.9	322.134
922.81	563.8	321.515
922.91	563.7	326.453
923.01	563.6	291.576
923.11	563.5	398.328
923.21	563.4	289.302
923.31	563.3	251.832
923.41	563.2	246.177
923.51	563.1	246.744
923.61	563	261.94
923.71	562.9	202.063
923.81	562.8	212.074
923.91	562.7	360.455
924.01	562.6	309.133
924.11	562.5	211.737
924.21	562.4	215.341
924.31	562.3	195.685
924.41	562.2	217.067
924.51	562.1	263.004
924.61	562	185.792
924.71	561.9	264.951
924.81	561.8	244.555
924.91	561.7	228.195
925.01	561.6	264.206
925.11	561.5	263.18
925.21	561.4	178.672
925.31	561.3	222.609
925.41	561.2	235.509
925.51	561.1	164.853
925.61	561	144.863
925.71	560.9	196.874
925.81	560.8	250.81
925.91	560.7	233.969
926.01	560.6	254.239
926.11	560.5	162.805
926.21	560.4	213.297
926.31	560.3	181.715
926.41	560.2	189.577
926.51	560.1	120.476
926.61	560	217.82
926.71	559.9	150.201
926.81	559.8	115.063
926.91	559.7	184.517
927.01	559.6	167.565
927.11	559.5	198.945
927.21	559.4	205.363
927.31	559.3	169.966
927.41	559.2	135.902
927.51	559.1	142.875
927.61	559	152.292
927.71	558.9	159.969
927.81	558.8	153.386
927.91	558.7	175.174
928.01	558.6	132.554
928.11	558.5	142.046
928.21	558.4	140.13
928.31	558.3	157.917
928.41	558.2	157.89
928.51	558.1	108.011
928.61	558	152.28
928.71	557.9	119.067
928.81	557.8	107.077
928.91	557.7	66.8276
929.01	557.6	110.874
929.11	557.5	190.551
929.21	557.4	143.671
929.31	557.3	112.903
929.41	557.2	176.616
929.51	557.1	213.552
929.61	557	99.0427
929.71	556.9	93.941
929.81	556.8	141.691
929.91	556.7	154.997
930.01	556.6	157.154
930.11	556.5	182.312
930.21	556.4	106.21
930.31	556.3	82.2193
930.41	556.2	111.821
930.51	556.1	82.46
930.61	556	78.6915
930.71	555.9	107.034
930.81	555.8	74.4875
930.91	555.7	69.83
931.01	555.6	107.58
931.11	555.5	122.33
931.21	555.4	129.968
931.31	555.3	137.681
931.41	555.2	157.949
931.51	555.1	125.403
931.61	555	186.374
931.71	554.9	90.0871
931.81	554.8	94.0589
931.91	554.7	136.438
932.01	554.6	96.5951
932.11	554.5	117.271
932.21	554.4	55.9089
932.31	554.3	137.695
932.41	554.2	159.408
932.51	554.1	116.379
932.61	554	84.314
932.71	553.9	51.4338
932.81	553.8	77.8868
932.91	553.7	111.155
933.01	553.6	60.2743
933.11	553.5	82.0235
933.21	553.4	177.217
933.31	553.3	61.8183
933.41	553.2	113.123
933.51	553.1	141.465
933.61	553	106.658
933.71	552.9	74.4074
933.81	552.8	121.342
933.91	552.7	116.128
934.01	552.6	131.877
934.11	552.5	73.6998
934.21	552.4	143.597
934.31	552.3	70.9385
934.41	552.2	23.4281
934.51	552.1	102.325
934.61	552	97.2592
934.71	551.9	60.5266
934.81	551.8	108.424
934.91	551.7	90.9131
935.01	551.6	78.6988
935.11	551.5	58.1513
935.21	551.4	77.5296
935.31	551.3	82.982
935.41	551.2	61.5084
935.51	551.1	49.8126
935.61	551	82.9316
935.71	550.9	19.7172
935.81	550.8	16.8362
935.91	550.7	22.3625
936.01	550.6	26.4443
936.11	550.5	44.4891
936.21	550.4	21.0153
936.31	550.3	82.8378
936.41	550.2	97.1418
936.51	550.1	41.779
936.61	550	50.083
936.71	549.9	52.7942
936.81	549.8	58.3203
936.91	549.7	53.2538
937.01	549.6	16.6317
937.11	549.5	67.454
937.21	549.4	115.869
937.31	549.3	38.7652
937.41	549.2	60.9578
937.51	549.1	57.0393
937.61	549	33.9726
937.71	548.9	90.3132
937.81	548.8	102.209
937.91	548.7	69.1797
938.01	548.6	64.8907
938.11	548.5	56.2313
938.21	548.4	-15.4282
938.31	548.3	-6.56913
938.41	548.2	43.8084
938.51	548.1	15.3341
938.61	548	23.0449
938.71	547.9	4.5335
938.81	547.8	71.948
938.91	547.7	25.2513
939.01	547.6	22.7769
939.11	547.5	22.5987
939.21	547.4	11.1983
939.31	547.3	-2.38734
939.41	547.2	78.064
939.51	547.1	60.5895
939.61	547	7.26303
939.71	546.9	43.6773
939.81	546.8	61.9804
939.91	546.7	61.3206
940.01	546.6	114.476
940.11	546.5	51.7416
940.21	546.4	33.3409
940.31	546.3	69.2365
940.41	546.2	28.984
940.51	546.1	-4.00932
940.61	546	-7.89155
940.71	545.9	-11.7368
940.81	545.8	36.0847
940.91	545.7	49.5727
941.01	545.6	76.32
941.11	545.5	-12.229
941.21	545.4	38.8516
941.31	545.3	55.8952
941.41	545.2	41.4572
941.51	545.1	36.3155
941.61	545	11.0997
941.71	544.9	12.1061
941.81	544.8	62.9273
941.91	544.7	31.3411
942.01	544.6	23.0141
942.11	544.5	65.9093
942.21	544.4	-10.7881
942.31	544.3	11.5145
942.41	544.2	48.4097
942.51	544.1	18.1566
942.61	544	75.4221
942.71	543.9	40.3913
942.81	543.8	38.5826
942.91	543.7	9.40357
943.01	543.6	41.4838
943.11	543.5	11.7121
943.21	543.4	88.7923
943.31	543.3	41.6502
943.41	543.2	-38.3438
943.51	543.1	51.6252
943.61	543	64.0016
943.71	542.9	31.0816
943.81	542.8	19.6802
943.91	542.7	-9.90651
944.01	542.6	38.729
944.11	542.5	7.29048
944.21	542.4	-24.8148
944.31	542.3	-16.4385
944.41	542.2	13.4191
944.51	542.1	30.3879
944.61	542	62.0604
944.71	541.9	35.3624
944.81	541.8	72.22
944.91	541.7	68.8183
945.01	541.6	69.4907
945.11	541.5	81.7556
945.21	541.4	55.0576
945.31	541.3	26.2855
945.41	541.2	6.62441
945.51	541.1	3.55593
945.61	541	-28.4755
945.71	540.9	55.1226
945.81	540.8	29.2393
945.91	540.7	48.6892
946.01	540.6	49.6207
946.11	540.5	23.0706
946.21	540.4	42.5946
946.31	540.3	43.8222
946.41	540.2	14.5313
946.51	540.1	-33.241
946.61	540	-14.7912
946.71	539.9	14.8808
946.81	539.8	21.4047
946.91	539.7	-21.9604
947.01	539.6	-2.51065
947.11	539.5	33.7539
947.21	539.4	45.2777
947.31	539.3	12.5792
947.41	539.2	55.9178
947.51	539.1	16.3674
947.61	539	-14.4793
947.71	538.9	-22.7334
947.81	538.8	-36.3949
947.91	538.7	-1.83422
948.01	538.6	59.1339
948.11	538.5	53.176
948.21	538.4	9.55141
948.31	538.3	-26.1102
948.41	538.2	40.08
948.51	538.1	24.1591
948.61	538	70.127
948.71	537.9	61.2431
948.81	537.8	33.6925
948.91	537.7	58.8456
949.01	537.6	-43.0754
949.11	537.5	-38.2187
949.21	537.4	34.3788
949.31	537.3	96.6059
949.41	537.2	81.8329
949.51	537.1	55.097
949.61	537	14.0278
949.71	536.9	1.77328
949.81	536.8	84.1114
949.91	536.7	20.5235
950.01	536.6	53.269
950.11	536.5	-16.43
950.21	536.4	-32.9068
950.31	536.3	13.209
950.41	536.2	41.8433
950.51	536.1	59.4405
950.61	536	-35.1474
950.71	535.9	-35.4762
950.81	535.8	-0.878994
950.91	535.7	80.7182
951.01	535.6	2.83383
951.11	535.5	45.431
951.21	535.4	35.8429
951.31	535.3	61.5881
951.41	535.2	-27.2963
951.51	535.1	25.1156
951.61	535	22.4904
951.71	534.9	14.3467
951.81	534.8	64.0177
951.91	534.7	16.837
952.01	534.6	88.6191
952.11	534.5	29.3642
952.21	534.4	62.2945
952.31	534.3	110.817
952.41	534.2	99.8216
952.51	534.1	38.9
952.61	534	38.7932
952.71	533.9	112.723
952.81	533.8	52.7646
952.91	533.7	104.769
953.01	533.6	91.5879
953.11	533.5	90.9995
953.21	533.4	152.485
953.31	533.3	125.045
953.41	533.2	162.049
953.51	533.1	128.646
953.61	533	213.724
953.71	532.9	192.691
953.81	532.8	202.695
953.91	532.7	325.44
954.01	532.6	276.629
954.11	532.5	333.189
954.21	532.4	324.97
954.31	532.3	322.678
954.41	532.2	253.349
954.51	532.1	212.093
954.61	532	223.949
954.71	531.9	151.583
954.81	531.8	191.179
954.91	531.7	229.331
955.01	531.6	252.594
955.11	531.5	226.524
955.21	531.4	210.121
955.31	531.3	198.828
955.41	531.2	213.758
955.51	531.1	210.577
955.61	531	172.21
955.71	530.9	195.843
955.81	530.8	110.588
955.91	530.7	49.1102
956.01	530.6	65.0769
956.11	530.5	48.4139
956.21	530.4	36.7139
956.31	530.3	127.718
956.41	530.2	59.7213
956.51	530.1	17.9101
956.61	530	7.24707
956.71	529.9	-59.7123
956.81	529.8	-6.042
956.91	529.7	40.7764
957.01	529.6	-28.0719
957.11	529.5	-43.9202
957.21	529.4	23.4908
957.31	529.3	11.4573
957.41	529.2	26.2756
957.51	529.1	-64.2764
957.61	529	15.616
957.71	528.9	28.9157
957.81	528.8	-37.7104
957.91	528.7	10.1449
958.01	528.6	7.92607
958.11	528.5	20.7813
958.21	528.4	-3.62266
958.31	528.3	-18.2119
958.41	528.2	70.7915
958.51	528.1	48.0171
958.61	528	21.1686
958.71	527.9	-19.754
958.81	527.8	-26.3433
958.91	527.7	54.9563
959.01	527.6	40.6633
959.11	527.5	10.3333
959.21	527.4	-1.77457
959.31	527.3	30.8583
959.41	527.2	-4.06438
959.51	527.1	-16.0241
959.61	527	-66.3172
959.71	526.9	-79.9436
959.81	526.8	-1.90341
959.91	526.7	-5.93728
960.01	526.6	27.2511
960.11	526.5	-22.5236
960.21	526.4	-14.3723
960.31	526.3	-79.9988
960.41	526.2	-44.4401
960.51	526.1	-56.8815
960.61	526	-9.91545
960.71	525.9	28.1617
960.81	525.8	54.387
960.91	525.7	1.13075
961.01	525.6	-5.56993
961.11	525.5	-12.3447
961.21	525.4	-10.0824
961.31	525.3	26.365
961.41	525.2	-7.59498
961.51	525.1	15.2598
961.61	525	-86.6261
961.71	524.9	-51.5491
961.81	524.8	-14.5462
961.91	524.7	0.0123171
962.01	524.6	-72.0959
962.11	524.5	-36.5004
962.21	524.4	-93.6086
962.31	524.3	-33.1613
962.41	524.2	30.8045
962.51	524.1	32.0666
962.61	524	-29.7084
962.71	523.9	8.6278
962.81	523.8	-56.0731
962.91	523.7	-134.996
963.01	523.6	-42.549
963.11	523.5	-31.287
963.21	523.4	34.4565
963.31	523.3	37.2741
963.41	523.2	33.6842
963.51	523.1	44.5388
963.61	523	47.2452
963.71	522.9	-41.0113
963.81	522.8	-31.9346
963.91	522.7	-49.6356
964.01	522.6	-45.2625
964.11	522.5	-17.0377
964.21	522.4	-56.7387
964.31	522.3	8.11576
964.41	522.2	-55.0298
964.51	522.1	-32.6568
964.61	522	-66.9505
964.71	521.9	-10.7257
964.81	521.8	-29.9823
964.91	521.7	5.68689
965.01	521.6	6.46723
965.11	521.5	-35.6784
965.21	521.4	-12.3795
965.31	521.3	-91.34
965.41	521.2	22.2922
965.51	521.1	-36.2979
965.61	521	-74.7399
965.71	520.9	-41.2189
965.81	520.8	-18.2905
965.91	520.7	-51.8065
966.01	520.6	-39.3226
966.11	520.5	-5.46829
966.21	520.4	7.53415
966.31	520.3	-5.16713
966.41	520.2	-9.6462
966.51	520.1	-36.829
966.61	520	-28.4933
966.71	519.9	-25.1575
966.81	519.8	-12.1552
966.91	519.7	-41.9306
967.01	519.6	-12.0764
967.11	519.5	76.2963
967.21	519.4	-23.7384
967.31	519.3	-22.0323
967.41	519.2	21.8959
967.51	519.1	-84.2129
967.61	519	-31.7291
967.71	518.9	31.8657
967.81	518.8	50.9791
967.91	518.7	4.72214
968.01	518.6	14.6874
968.11	518.5	25.6526
968.21	518.4	18.4696
968.31	518.3	-1.7874
968.41	518.2	4.47408
968.51	518.1	-11.5237
968.61	518	-0.780759
968.71	517.9	1.14736
968.81	517.8	4.22362
968.91	517.7	-31.4409
969.01	517.6	-71.4387
969.11	517.5	-55.3254
969.21	517.4	-42.8788
969.31	517.3	-24.4322
969.41	517.2	-62.9857
969.51	517.1	-34.7243
969.61	517	-8.72217
969.71	516.9	25.1688
969.81	516.8	-33.0883
969.91	516.7	-61.0492
970.01	516.6	-94.7138
970.11	516.5	-26.7117
970.21	516.4	-24.08
970.31	516.3	-28.8557
970.41	516.2	-35.5944
970.51	516.1	-12.9257
970.61	516	-35.4792
970.71	515.9	-58.3291
970.81	515.8	-29.4011
970.91	515.7	51.0824
971.01	515.6	-15.249
971.11	515.5	-12.0988
971.21	515.4	-10.9487
971.31	515.3	17.9051
971.41	515.2	-23.3892
971.51	515.1	-93.7205
971.61	515	17.9851
971.71	514.9	-46.1981
971.81	514.8	-4.19618
971.91	514.7	-12.5276
972.01	514.6	-2.11824
972.11	514.5	-7.00521
972.21	514.4	-9.55885
972.31	514.3	-110.261
972.41	514.2	-22.6291
972.51	514.1	15.7061
972.61	514	6.26354
972.71	513.9	-6.03088
972.81	513.8	11.7488
972.91	513.7	-24.1383
973.01	513.6	-5.65491
973.11	513.5	7.08768
973.21	513.4	-2.87344
973.31	513.3	-37.9086
973.41	513.2	-64.4624
973.51	513.1	-24.0902
973.61	513	-25.3847
973.71	512.9	28.3949
973.81	512.8	44.8412
973.91	512.7	-5.6385
974.01	512.6	-42.8219
974.11	512.5	32.6614
974.21	512.4	9.58908
974.31	512.3	-28.9647
974.41	512.2	-39.2222
974.51	512.1	-56.813
974.61	512	-11.9965
974.71	511.9	-5.73545
974.81	511.8	3.45148
974.91	511.7	-61.806
975.01	511.6	-75.2117
975.11	511.5	-41.8396
975.21	511.4	-8.76383
975.31	511.3	-43.2066
975.41	511.2	-17.5382
975.51	511.1	22.908
975.61	511	41.8356
975.71	510.9	3.24469
975.81	510.8	-79.6425
975.91	510.7	-14.5297
976.01	510.6	29.0275
976.11	510.5	-37.119
976.21	510.4	11.142
976.31	510.3	57.0695
976.41	510.2	-23.7807
976.51	510.1	-45.779
976.61	510	38.7782
976.71	509.9	-1.51646
976.81	509.8	-57.7
976.91	509.7	-29.291
977.01	509.6	5.4514
977.11	509.5	10.9715
977.21	509.4	-19.3972
977.31	509.3	41.3451
977.41	509.2	42.2727
977.51	509.1	6.68168
977.61	509	-57.2056
977.71	508.9	-9.87068
977.81	508.8	-5.83206
977.91	508.7	-44.4231
978.01	508.6	58.3563
978.11	508.5	-61.3829
978.21	508.4	14.4335
978.31	508.3	-23.7131
978.41	508.2	24.4737
978.51	508.1	-14.9322
978.61	508	-70.9306
978.71	507.9	-80.7439
978.81	507.8	-53.0016
978.91	507.7	-47.7778
979.01	507.6	41.9274
979.11	507.5	23.7067
979.21	507.4	-56.9584
979.31	507.3	23.4876
979.41	507.2	0.303915
979.51	507.1	-90.0649
979.61	507	-37.3227
979.71	506.9	-62.3212
979.81	506.8	-60.0234
979.91	506.7	-26.207
980.01	506.6	3.35003
980.11	506.5	24.87
980.21	506.4	48.7975
980.31	506.3	-3.08992
980.41	506.2	-18.7551
980.51	506.1	-102.494
980.61	506	-24.641
980.71	505.9	-20.0099
980.81	505.8	3.2138
980.91	505.7	32.0671
981.01	505.6	-20.524
981.11	505.5	-75.1892
981.21	505.4	79.7752
981.31	505.3	-23.5937
981.41	505.2	-67.8885
981.51	505.1	8.07593
981.61	505	-50.4041
981.71	504.9	-9.40264
981.81	504.8	21.3766
981.91	504.7	-28.4368
982.01	504.6	3.71283
982.11	504.5	-22.8783
982.21	504.4	-12.6176
982.31	504.3	-44.0236
982.41	504.2	-73.2814
982.51	504.1	-59.4652
982.61	504	-62.0193
982.71	503.9	-52.4252
982.81	503.8	-37.3497
982.91	503.7	38.0961
983.01	503.6	-17.9395
983.11	503.5	55.136
983.21	503.4	27.9523
983.31	503.3	-0.601871
983.41	503.2	-37.4893
983.51	503.1	-14.1546
983.61	503	22.4765
983.71	502.9	-13.0406
983.81	502.8	2.55337
983.91	502.7	50.8511
984.01	502.6	-17.0364
984.11	502.5	30.1872
984.21	502.4	6.04049
984.31	502.3	-61.4025
984.41	502.2	3.11738
984.51	502.1	31.9706
984.61	502	20.5646
984.71	501.9	-60.471
984.81	501.8	-30.0251
984.91	501.7	4.60588
985.01	501.6	15.311
985.11	501.5	-72.2432
985.21	501.4	28.6471
985.31	501.3	-4.53666
985.41	501.2	-29.5353
985.51	501.1	33.6143
985.61	501	46.3564
985.71	500.9	-30.9014
985.81	500.8	20.174
985.91	500.7	-2.0468
986.01	500.6	-33.0824
986.11	500.5	69.6597
986.21	500.4	-8.41299
986.31	500.3	-39.1523
986.41	500.2	-25.7065
986.51	500.1	38.5542
986.61	500	0