c:\users\mark\owncloud\muelheim group\projects\gas phase background\ex340_cec356_ag he arm22.vms
Ag4d
	Characteristic Energy eV	1486.61	Acquisition Time s	2.8
KE_Ag4d	BE_Ag4d	CPS_Ag4d
1346.61	140	1367.7
1346.71	139.9	1366.85
1346.81	139.8	1339.7
1346.91	139.7	1317.06
1347.01	139.6	1329.1
1347.11	139.5	1365.5
1347.21	139.4	1395.55
1347.31	139.3	1364.06
1347.41	139.2	1350.3
1347.51	139.1	1376.64
1347.61	139	1342.23
1347.71	138.9	1358.18
1347.81	138.8	1372.27
1347.91	138.7	1355.32
1348.01	138.6	1322.57
1348.11	138.5	1334.83
1348.21	138.4	1324.63
1348.31	138.3	1372.51
1348.41	138.2	1431.66
1348.51	138.1	1351.04
1348.61	138	1339.91
1348.71	137.9	1369.89
1348.81	137.8	1334.9
1348.91	137.7	1378.63
1349.01	137.6	1373.79
1349.11	137.5	1362.79
1349.21	137.4	1386.43
1349.31	137.3	1339.61
1349.41	137.2	1377.43
1349.51	137.1	1356.29
1349.61	137	1374.47
1349.71	136.9	1375.25
1349.81	136.8	1371.38
1349.91	136.7	1365.64
1350.01	136.6	1380.29
1350.11	136.5	1362.21
1350.21	136.4	1346.73
1350.31	136.3	1345.61
1350.41	136.2	1338.35
1350.51	136.1	1338.85
1350.61	136	1384.46
1350.71	135.9	1375.26
1350.81	135.8	1377.85
1350.91	135.7	1387.24
1351.01	135.6	1364.57
1351.11	135.5	1385.74
1351.21	135.4	1369.47
1351.31	135.3	1355.61
1351.41	135.2	1356.63
1351.51	135.1	1378.77
1351.61	135	1370.06
1351.71	134.9	1357.3
1351.81	134.8	1383.11
1351.91	134.7	1382.48
1352.01	134.6	1379.41
1352.11	134.5	1351.05
1352.21	134.4	1387.62
1352.31	134.3	1388
1352.41	134.2	1379.58
1352.51	134.1	1384.01
1352.61	134	1366.68
1352.71	133.9	1358.93
1352.81	133.8	1400.92
1352.91	133.7	1363.53
1353.01	133.6	1370.94
1353.11	133.5	1367.9
1353.21	133.4	1356.95
1353.31	133.3	1380.91
1353.41	133.2	1416.29
1353.51	133.1	1368.24
1353.61	133	1382.7
1353.71	132.9	1387.18
1353.81	132.8	1383.16
1353.91	132.7	1383.52
1354.01	132.6	1370.37
1354.11	132.5	1338.87
1354.21	132.4	1355.2
1354.31	132.3	1376.03
1354.41	132.2	1386.66
1354.51	132.1	1407.15
1354.61	132	1406.96
1354.71	131.9	1377.64
1354.81	131.8	1401.3
1354.91	131.7	1425.69
1355.01	131.6	1416.92
1355.11	131.5	1435.84
1355.21	131.4	1375.79
1355.31	131.3	1386.46
1355.41	131.2	1379.15
1355.51	131.1	1422.81
1355.61	131	1407.68
1355.71	130.9	1402.62
1355.81	130.8	1375.42
1355.91	130.7	1394.38
1356.01	130.6	1379.69
1356.11	130.5	1365.17
1356.21	130.4	1398.35
1356.31	130.3	1362.03
1356.41	130.2	1410.01
1356.51	130.1	1397.31
1356.61	130	1389.67
1356.71	129.9	1403.74
1356.81	129.8	1403.49
1356.91	129.7	1392.05
1357.01	129.6	1395.55
1357.11	129.5	1427.45
1357.21	129.4	1398.51
1357.31	129.3	1411.85
1357.41	129.2	1397.34
1357.51	129.1	1411.39
1357.61	129	1389.64
1357.71	128.9	1395.19
1357.81	128.8	1384.95
1357.91	128.7	1386.57
1358.01	128.6	1391.15
1358.11	128.5	1368.19
1358.21	128.4	1406.64
1358.31	128.3	1400.52
1358.41	128.2	1385.82
1358.51	128.1	1405.74
1358.61	128	1385.51
1358.71	127.9	1378.74
1358.81	127.8	1397.62
1358.91	127.7	1399.9
1359.01	127.6	1391.96
1359.11	127.5	1383.99
1359.21	127.4	1388.27
1359.31	127.3	1378.42
1359.41	127.2	1423.59
1359.51	127.1	1388.12
1359.61	127	1411.27
1359.71	126.9	1385.97
1359.81	126.8	1406.41
1359.91	126.7	1427.43
1360.01	126.6	1391.98
1360.11	126.5	1393.73
1360.21	126.4	1380.48
1360.31	126.3	1421.93
1360.41	126.2	1422.75
1360.51	126.1	1432.66
1360.61	126	1397.77
1360.71	125.9	1404.38
1360.81	125.8	1415.61
1360.91	125.7	1390.06
1361.01	125.6	1407.93
1361.11	125.5	1419.46
1361.21	125.4	1432.38
1361.31	125.3	1400.85
1361.41	125.2	1414.48
1361.51	125.1	1395.76
1361.61	125	1411.61
1361.71	124.9	1405.74
1361.81	124.8	1419.19
1361.91	124.7	1414.4
1362.01	124.6	1409.39
1362.11	124.5	1442.79
1362.21	124.4	1414.24
1362.31	124.3	1418.57
1362.41	124.2	1410.67
1362.51	124.1	1421.46
1362.61	124	1408.6
1362.71	123.9	1420.51
1362.81	123.8	1451.39
1362.91	123.7	1448.63
1363.01	123.6	1425.14
1363.11	123.5	1420.43
1363.21	123.4	1417.66
1363.31	123.3	1433.25
1363.41	123.2	1405.58
1363.51	123.1	1422.41
1363.61	123	1439.54
1363.71	122.9	1424.68
1363.81	122.8	1451.5
1363.91	122.7	1424.78
1364.01	122.6	1389.07
1364.11	122.5	1431.7
1364.21	122.4	1440.27
1364.31	122.3	1428.99
1364.41	122.2	1427.93
1364.51	122.1	1438.98
1364.61	122	1470.8
1364.71	121.9	1456.52
1364.81	121.8	1445.96
1364.91	121.7	1481.43
1365.01	121.6	1460.52
1365.11	121.5	1464.81
1365.21	121.4	1436.41
1365.31	121.3	1424.05
1365.41	121.2	1416.7
1365.51	121.1	1437.65
1365.61	121	1447.19
1365.71	120.9	1445.49
1365.81	120.8	1455.92
1365.91	120.7	1433.4
1366.01	120.6	1395.51
1366.11	120.5	1425.97
1366.21	120.4	1463.93
1366.31	120.3	1420.17
1366.41	120.2	1410.7
1366.51	120.1	1430.2
1366.61	120	1411.83
1366.71	119.9	1433.2
1366.81	119.8	1447.58
1366.91	119.7	1436.38
1367.01	119.6	1435.64
1367.11	119.5	1443.08
1367.21	119.4	1431.02
1367.31	119.3	1464.23
1367.41	119.2	1466.84
1367.51	119.1	1468.65
1367.61	119	1434.84
1367.71	118.9	1459.18
1367.81	118.8	1468.59
1367.91	118.7	1425.04
1368.01	118.6	1449.04
1368.11	118.5	1447.64
1368.21	118.4	1422.98
1368.31	118.3	1446.16
1368.41	118.2	1461.52
1368.51	118.1	1463.8
1368.61	118	1427.19
1368.71	117.9	1433.19
1368.81	117.8	1453.85
1368.91	117.7	1432.21
1369.01	117.6	1440.62
1369.11	117.5	1455.12
1369.21	117.4	1432.05
1369.31	117.3	1432.88
1369.41	117.2	1399.13
1369.51	117.1	1435.55
1369.61	117	1417.65
1369.71	116.9	1415.33
1369.81	116.8	1435.21
1369.91	116.7	1432.43
1370.01	116.6	1441.99
1370.11	116.5	1440.82
1370.21	116.4	1458.78
1370.31	116.3	1453.93
1370.41	116.2	1431.78
1370.51	116.1	1414.83
1370.61	116	1460.36
1370.71	115.9	1413.25
1370.81	115.8	1421.14
1370.91	115.7	1447.41
1371.01	115.6	1441.82
1371.11	115.5	1440.98
1371.21	115.4	1436.2
1371.31	115.3	1431.08
1371.41	115.2	1425.33
1371.51	115.1	1398.55
1371.61	115	1440.56
1371.71	114.9	1468.51
1371.81	114.8	1469.48
1371.91	114.7	1452.27
1372.01	114.6	1422.13
1372.11	114.5	1444.93
1372.21	114.4	1435.82
1372.31	114.3	1443.19
1372.41	114.2	1394.18
1372.51	114.1	1409.55
1372.61	114	1429.34
1372.71	113.9	1446.73
1372.81	113.8	1431.27
1372.91	113.7	1431.73
1373.01	113.6	1452.5
1373.11	113.5	1448.1
1373.21	113.4	1449.43
1373.31	113.3	1398.43
1373.41	113.2	1441.13
1373.51	113.1	1449.21
1373.61	113	1418.48
1373.71	112.9	1445.09
1373.81	112.8	1424.72
1373.91	112.7	1413.63
1374.01	112.6	1411.7
1374.11	112.5	1414.54
1374.21	112.4	1438.71
1374.31	112.3	1423.85
1374.41	112.2	1438.31
1374.51	112.1	1463.38
1374.61	112	1437.81
1374.71	111.9	1409.51
1374.81	111.8	1414.07
1374.91	111.7	1413.18
1375.01	111.6	1446.91
1375.11	111.5	1453.31
1375.21	111.4	1401.91
1375.31	111.3	1448.93
1375.41	111.2	1432.39
1375.51	111.1	1417.16
1375.61	111	1409.11
1375.71	110.9	1416.73
1375.81	110.8	1428.29
1375.91	110.7	1448.66
1376.01	110.6	1442.53
1376.11	110.5	1426.04
1376.21	110.4	1450.4
1376.31	110.3	1445.84
1376.41	110.2	1445.31
1376.51	110.1	1422.13
1376.61	110	1440.15
1376.71	109.9	1438.64
1376.81	109.8	1469.91
1376.91	109.7	1417.41
1377.01	109.6	1404.06
1377.11	109.5	1414.96
1377.21	109.4	1416.75
1377.31	109.3	1437.55
1377.41	109.2	1421.59
1377.51	109.1	1432.11
1377.61	109	1409.16
1377.71	108.9	1462.36
1377.81	108.8	1436.96
1377.91	108.7	1409.37
1378.01	108.6	1438.34
1378.11	108.5	1448.96
1378.21	108.4	1471.58
1378.31	108.3	1457.19
1378.41	108.2	1437.49
1378.51	108.1	1439.1
1378.61	108	1457.48
1378.71	107.9	1449.13
1378.81	107.8	1463.84
1378.91	107.7	1477.84
1379.01	107.6	1468.59
1379.11	107.5	1445
1379.21	107.4	1436.84
1379.31	107.3	1461.68
1379.41	107.2	1443.82
1379.51	107.1	1450.15
1379.61	107	1467.26
1379.71	106.9	1444.13
1379.81	106.8	1457.36
1379.91	106.7	1485.61
1380.01	106.6	1472.94
1380.11	106.5	1436.59
1380.21	106.4	1453.19
1380.31	106.3	1451.91
1380.41	106.2	1466.76
1380.51	106.1	1448.6
1380.61	106	1455.04
1380.71	105.9	1462.86
1380.81	105.8	1481.78
1380.91	105.7	1456.33
1381.01	105.6	1446.65
1381.11	105.5	1480.11
1381.21	105.4	1490.84
1381.31	105.3	1481.31
1381.41	105.2	1439.83
1381.51	105.1	1471.36
1381.61	105	1446.58
1381.71	104.9	1456.94
1381.81	104.8	1489.85
1381.91	104.7	1487.62
1382.01	104.6	1484.66
1382.11	104.5	1476.41
1382.21	104.4	1468.06
1382.31	104.3	1510.42
1382.41	104.2	1490.06
1382.51	104.1	1499.33
1382.61	104	1451.7
1382.71	103.9	1502.51
1382.81	103.8	1526.3
1382.91	103.7	1527.6
1383.01	103.6	1491.65
1383.11	103.5	1499.56
1383.21	103.4	1500.26
1383.31	103.3	1535.68
1383.41	103.2	1538.22
1383.51	103.1	1494.06
1383.61	103	1509.37
1383.71	102.9	1508.21
1383.81	102.8	1511
1383.91	102.7	1487.25
1384.01	102.6	1488.35
1384.11	102.5	1503.86
1384.21	102.4	1501.34
1384.31	102.3	1513.38
1384.41	102.2	1532.68
1384.51	102.1	1535.38
1384.61	102	1533.5
1384.71	101.9	1548.15
1384.81	101.8	1570.89
1384.91	101.7	1555.95
1385.01	101.6	1551.61
1385.11	101.5	1561.98
1385.21	101.4	1555.66
1385.31	101.3	1563.49
1385.41	101.2	1595.89
1385.51	101.1	1580.44
1385.61	101	1598.58
1385.71	100.9	1634.84
1385.81	100.8	1634.09
1385.91	100.7	1653.63
1386.01	100.6	1642.37
1386.11	100.5	1640.86
1386.21	100.4	1643.35
1386.31	100.3	1688.2
1386.41	100.2	1645.9
1386.51	100.1	1641.64
1386.61	100	1650.54
1386.71	99.9	1685.41
1386.81	99.8	1675.58
1386.91	99.7	1718.22
1387.01	99.6	1714.09
1387.11	99.5	1749.08
1387.21	99.4	1741.96
1387.31	99.3	1753.96
1387.41	99.2	1738.5
1387.51	99.1	1738.38
1387.61	99	1760.07
1387.71	98.9	1796.04
1387.81	98.8	1781.41
1387.91	98.7	1811.76
1388.01	98.6	1835.03
1388.11	98.5	1810.1
1388.21	98.4	1840.85
1388.31	98.3	1910.94
1388.41	98.2	1889.53
1388.51	98.1	1900.16
1388.61	98	1941.91
1388.71	97.9	1883.35
1388.81	97.8	1926.72
1388.91	97.7	1913.46
1389.01	97.6	1979.75
1389.11	97.5	1995.32
1389.21	97.4	1981.66
1389.31	97.3	1990.45
1389.41	97.2	1984.65
1389.51	97.1	1980.25
1389.61	97	2000.39
1389.71	96.9	2001.7
1389.81	96.8	1993.87
1389.91	96.7	2013.41
1390.01	96.6	1998.36
1390.11	96.5	1976.34
1390.21	96.4	1930.74
1390.31	96.3	1949.84
1390.41	96.2	1929.03
1390.51	96.1	1954.06
1390.61	96	1917.79
1390.71	95.9	1863.78
1390.81	95.8	1883.37
1390.91	95.7	1843.85
1391.01	95.6	1820.9
1391.11	95.5	1793.67
1391.21	95.4	1799.78
1391.31	95.3	1756.44
1391.41	95.2	1741.27
1391.51	95.1	1729.28
1391.61	95	1757.87
1391.71	94.9	1709.33
1391.81	94.8	1676.06
1391.91	94.7	1695.65
1392.01	94.6	1678.15
1392.11	94.5	1640.17
1392.21	94.4	1634.22
1392.31	94.3	1653.69
1392.41	94.2	1610.04
1392.51	94.1	1592.99
1392.61	94	1583.55
1392.71	93.9	1580.18
1392.81	93.8	1569.86
1392.91	93.7	1576.28
1393.01	93.6	1541.83
1393.11	93.5	1559.7
1393.21	93.4	1561.64
1393.31	93.3	1518.29
1393.41	93.2	1527.2
1393.51	93.1	1547.13
1393.61	93	1528.74
1393.71	92.9	1522.6
1393.81	92.8	1513.71
1393.91	92.7	1488.04
1394.01	92.6	1476.5
1394.11	92.5	1461.49
1394.21	92.4	1454.46
1394.31	92.3	1437.44
1394.41	92.2	1470.05
1394.51	92.1	1459.66
1394.61	92	1452.95
1394.71	91.9	1461.82
1394.81	91.8	1442.51
1394.91	91.7	1481.95
1395.01	91.6	1466.59
1395.11	91.5	1443.36
1395.21	91.4	1434.59
1395.31	91.3	1455.63
1395.41	91.2	1468.66
1395.51	91.1	1434.46
1395.61	91	1464.6
1395.71	90.9	1428.29
1395.81	90.8	1418.53
1395.91	90.7	1439.27
1396.01	90.6	1430.29
1396.11	90.5	1422.7
1396.21	90.4	1435.04
1396.31	90.3	1419.12
1396.41	90.2	1440.69
1396.51	90.1	1415.44
1396.61	90	1438.38
1396.71	89.9	1424.87
1396.81	89.8	1433.64
1396.91	89.7	1408.39
1397.01	89.6	1416.11
1397.11	89.5	1420.59
1397.21	89.4	1435.92
1397.31	89.3	1390.09
1397.41	89.2	1416.59
1397.51	89.1	1437.75
1397.61	89	1432.77
1397.71	88.9	1412.57
1397.81	88.8	1401.2
1397.91	88.7	1406.85
1398.01	88.6	1398.54
1398.11	88.5	1414.44
1398.21	88.4	1411.21
1398.31	88.3	1430.38
1398.41	88.2	1429.83
1398.51	88.1	1401.8
1398.61	88	1412.92
1398.71	87.9	1435.11
1398.81	87.8	1421.5
1398.91	87.7	1430.03
1399.01	87.6	1418.95
1399.11	87.5	1445.61
1399.21	87.4	1407.16
1399.31	87.3	1412.14
1399.41	87.2	1411.69
1399.51	87.1	1415.1
1399.61	87	1438.16
1399.71	86.9	1419.49
1399.81	86.8	1427.33
1399.91	86.7	1458.71
1400.01	86.6	1440.43
1400.11	86.5	1438.49
1400.21	86.4	1434.49
1400.31	86.3	1429.42
1400.41	86.2	1428.52
1400.51	86.1	1416.02
1400.61	86	1441.6
1400.71	85.9	1444.33
1400.81	85.8	1429.84
1400.91	85.7	1404.43
1401.01	85.6	1402.05
1401.11	85.5	1401.7
1401.21	85.4	1400.95
1401.31	85.3	1420.29
1401.41	85.2	1432.84
1401.51	85.1	1405.92
1401.61	85	1435.3
1401.71	84.9	1435.26
1401.81	84.8	1435.69
1401.91	84.7	1429.22
1402.01	84.6	1410.55
1402.11	84.5	1445.55
1402.21	84.4	1453.21
1402.31	84.3	1438.32
1402.41	84.2	1440.75
1402.51	84.1	1429.4
1402.61	84	1430.35
1402.71	83.9	1448.64
1402.81	83.8	1456.05
1402.91	83.7	1419.89
1403.01	83.6	1420.51
1403.11	83.5	1415.88
1403.21	83.4	1429.81
1403.31	83.3	1399.63
1403.41	83.2	1391.18
1403.51	83.1	1417.81
1403.61	83	1405.43
1403.71	82.9	1429
1403.81	82.8	1449.68
1403.91	82.7	1405.31
1404.01	82.6	1422.98
1404.11	82.5	1423.96
1404.21	82.4	1393.48
1404.31	82.3	1452.21
1404.41	82.2	1469.63
1404.51	82.1	1417.11
1404.61	82	1390.09
1404.71	81.9	1422.64
1404.81	81.8	1441.14
1404.91	81.7	1417.81
1405.01	81.6	1422.01
1405.11	81.5	1399.77
1405.21	81.4	1385.73
1405.31	81.3	1400.92
1405.41	81.2	1415.59
1405.51	81.1	1379.4
1405.61	81	1366.33
1405.71	80.9	1381.52
1405.81	80.8	1419.66
1405.91	80.7	1407.41
1406.01	80.6	1405.81
1406.11	80.5	1420.27
1406.21	80.4	1411.74
1406.31	80.3	1365.98
1406.41	80.2	1409.38
1406.51	80.1	1406.48
1406.61	80	1402.88
1406.71	79.9	1395.35
1406.81	79.8	1361.15
1406.91	79.7	1411.51
1407.01	79.6	1405.91
1407.11	79.5	1398.75
1407.21	79.4	1409.93
1407.31	79.3	1371.73
1407.41	79.2	1407.3
1407.51	79.1	1371.89
1407.61	79	1378.81
1407.71	78.9	1376.39
1407.81	78.8	1360.28
1407.91	78.7	1379.85
1408.01	78.6	1400.09
1408.11	78.5	1364.9
1408.21	78.4	1360.21
1408.31	78.3	1366.58
1408.41	78.2	1377.67
1408.51	78.1	1368.93
1408.61	78	1406.71
1408.71	77.9	1379.79
1408.81	77.8	1403.2
1408.91	77.7	1371.86
1409.01	77.6	1405.17
1409.11	77.5	1377.06
1409.21	77.4	1380.69
1409.31	77.3	1376.35
1409.41	77.2	1371.3
1409.51	77.1	1353.74
1409.61	77	1348.01
1409.71	76.9	1361.3
1409.81	76.8	1375.08
1409.91	76.7	1343.61
1410.01	76.6	1386.28
1410.11	76.5	1339.95
1410.21	76.4	1334.14
1410.31	76.3	1366.48
1410.41	76.2	1376.46
1410.51	76.1	1403.08
1410.61	76	1367.64
1410.71	75.9	1365.41
1410.81	75.8	1323.54
1410.91	75.7	1332.06
1411.01	75.6	1389.63
1411.11	75.5	1367.35
1411.21	75.4	1362.22
1411.31	75.3	1356.57
1411.41	75.2	1348.92
1411.51	75.1	1343.67
1411.61	75	1364.4
1411.71	74.9	1363.57
1411.81	74.8	1359.3
1411.91	74.7	1352.63
1412.01	74.6	1339.28
1412.11	74.5	1336.12
1412.21	74.4	1354.21
1412.31	74.3	1364.19
1412.41	74.2	1315.01
1412.51	74.1	1334.7
1412.61	74	1345.98
1412.71	73.9	1333.98
1412.81	73.8	1382.61
1412.91	73.7	1338.47
1413.01	73.6	1314.46
1413.11	73.5	1340.73
1413.21	73.4	1346.41
1413.31	73.3	1369.31
1413.41	73.2	1392.6
1413.51	73.1	1366.1
1413.61	73	1348.57
1413.71	72.9	1374.57
1413.81	72.8	1373.4
1413.91	72.7	1374.02
1414.01	72.6	1373.81
1414.11	72.5	1370.65
1414.21	72.4	1389.35
1414.31	72.3	1371.58
1414.41	72.2	1379.47
1414.51	72.1	1415.29
1414.61	72	1400.64
1414.71	71.9	1376.4
1414.81	71.8	1371.22
1414.91	71.7	1357.06
1415.01	71.6	1392.39
1415.11	71.5	1415.28
1415.21	71.4	1388.09
1415.31	71.3	1390.67
1415.41	71.2	1413.41
1415.51	71.1	1370.68
1415.61	71	1424.32
1415.71	70.9	1398.68
1415.81	70.8	1397.56
1415.91	70.7	1398.05
1416.01	70.6	1379.75
1416.11	70.5	1404.88
1416.21	70.4	1427.67
1416.31	70.3	1445.73
1416.41	70.2	1431.26
1416.51	70.1	1391.03
1416.61	70	1417.43
1416.71	69.9	1420.49
1416.81	69.8	1421.88
1416.91	69.7	1438.15
1417.01	69.6	1445.7
1417.11	69.5	1443.29
1417.21	69.4	1486.15
1417.31	69.3	1458.45
1417.41	69.2	1443.93
1417.51	69.1	1476.53
1417.61	69	1494.56
1417.71	68.9	1485.63
1417.81	68.8	1519.54
1417.91	68.7	1509.88
1418.01	68.6	1518.11
1418.11	68.5	1519.14
1418.21	68.4	1525.32
1418.31	68.3	1529.8
1418.41	68.2	1532.2
1418.51	68.1	1545.28
1418.61	68	1548.93
1418.71	67.9	1576.53
1418.81	67.8	1569.72
1418.91	67.7	1581.9
1419.01	67.6	1614.33
1419.11	67.5	1604.22
1419.21	67.4	1610.04
1419.31	67.3	1630.31
1419.41	67.2	1609
1419.51	67.1	1632.32
1419.61	67	1630.45
1419.71	66.9	1663.13
1419.81	66.8	1686.73
1419.91	66.7	1652.2
1420.01	66.6	1649.07
1420.11	66.5	1705.51
1420.21	66.4	1699.13
1420.31	66.3	1720.68
1420.41	66.2	1765.34
1420.51	66.1	1775.63
1420.61	66	1752.76
1420.71	65.9	1788.88
1420.81	65.8	1791.78
1420.91	65.7	1800.31
1421.01	65.6	1815.83
1421.11	65.5	1830.73
1421.21	65.4	1846.53
1421.31	65.3	1832.08
1421.41	65.2	1832.69
1421.51	65.1	1824.7
1421.61	65	1881.36
1421.71	64.9	1866.62
1421.81	64.8	1886.63
1421.91	64.7	1895.59
1422.01	64.6	1878.22
1422.11	64.5	1890
1422.21	64.4	1928.47
1422.31	64.3	1923.91
1422.41	64.2	1908.26
1422.51	64.1	1908.03
1422.61	64	1901.85
1422.71	63.9	1903.11
1422.81	63.8	1907.94
1422.91	63.7	1910.03
1423.01	63.6	1929.11
1423.11	63.5	1963.5
1423.21	63.4	1986.99
1423.31	63.3	1933.5
1423.41	63.2	1926.9
1423.51	63.1	1962.26
1423.61	63	1959.76
1423.71	62.9	1963.52
1423.81	62.8	1980.11
1423.91	62.7	1952.94
1424.01	62.6	1954.26
1424.11	62.5	1981.15
1424.21	62.4	1976.09
1424.31	62.3	2046.28
1424.41	62.2	2038.86
1424.51	62.1	1993.99
1424.61	62	2001.58
1424.71	61.9	1987.67
1424.81	61.8	1989.44
1424.91	61.7	2005.22
1425.01	61.6	2033.31
1425.11	61.5	2037.93
1425.21	61.4	2027.9
1425.31	61.3	2064.15
1425.41	61.2	2052.53
1425.51	61.1	2068.65
1425.61	61	2080.02
1425.71	60.9	2041.88
1425.81	60.8	2055.47
1425.91	60.7	2031.76
1426.01	60.6	2087.08
1426.11	60.5	2062.75
1426.21	60.4	2091.72
1426.31	60.3	2052.35
1426.41	60.2	2061.21
1426.51	60.1	2103.46
1426.61	60	2095.37
1426.71	59.9	2063.15
1426.81	59.8	2082.1
1426.91	59.7	2120.7
1427.01	59.6	2114.83
1427.11	59.5	2116.71
1427.21	59.4	2134.68
1427.31	59.3	2083.56
1427.41	59.2	2151.03
1427.51	59.1	2171.04
1427.61	59	2133.26
1427.71	58.9	2137.51
1427.81	58.8	2117.74
1427.91	58.7	2150.53
1428.01	58.6	2176.1
1428.11	58.5	2167.83
1428.21	58.4	2116.57
1428.31	58.3	2111.41
1428.41	58.2	2064.69
1428.51	58.1	2105.55
1428.61	58	2072.16
1428.71	57.9	2108.69
1428.81	57.8	2108.69
1428.91	57.7	2080.36
1429.01	57.6	2100.38
1429.11	57.5	2052.91
1429.21	57.4	2069.29
1429.31	57.3	2051.81
1429.41	57.2	2049.91
1429.51	57.1	2036.73
1429.61	57	1987.77
1429.71	56.9	1979.35
1429.81	56.8	1940.33
1429.91	56.7	1950.99
1430.01	56.6	1944.01
1430.11	56.5	1922
1430.21	56.4	1917.86
1430.31	56.3	1876.43
1430.41	56.2	1888.65
1430.51	56.1	1847.42
1430.61	56	1844.64
1430.71	55.9	1788.59
1430.81	55.8	1789.16
1430.91	55.7	1778.41
1431.01	55.6	1713.27
1431.11	55.5	1681.74
1431.21	55.4	1657.79
1431.31	55.3	1692.88
1431.41	55.2	1665.36
1431.51	55.1	1588.68
1431.61	55	1553.31
1431.71	54.9	1547.33
1431.81	54.8	1525.86
1431.91	54.7	1500.34
1432.01	54.6	1457.71
1432.11	54.5	1454.09
1432.21	54.4	1457.8
1432.31	54.3	1412.45
1432.41	54.2	1403.89
1432.51	54.1	1383.54
1432.61	54	1353.75
1432.71	53.9	1327.65
1432.81	53.8	1281.78
1432.91	53.7	1285.1
1433.01	53.6	1271.02
1433.11	53.5	1279.04
1433.21	53.4	1255.6
1433.31	53.3	1203.5
1433.41	53.2	1199.26
1433.51	53.1	1197.79
1433.61	53	1157.5
1433.71	52.9	1161.07
1433.81	52.8	1142.84
1433.91	52.7	1106.58
1434.01	52.6	1108.69
1434.11	52.5	1086.22
1434.21	52.4	1066.67
1434.31	52.3	1067.49
1434.41	52.2	1053.81
1434.51	52.1	1042.55
1434.61	52	1016.06
1434.71	51.9	1018.28
1434.81	51.8	997.461
1434.91	51.7	987.714
1435.01	51.6	986.2
1435.11	51.5	946.857
1435.21	51.4	946.939
1435.31	51.3	950.464
1435.41	51.2	963.232
1435.51	51.1	960.404
1435.61	51	939.6
1435.71	50.9	911.004
1435.81	50.8	885.846
1435.91	50.7	923.329
1436.01	50.6	868.093
1436.11	50.5	876.086
1436.21	50.4	897.939
1436.31	50.3	847.929
1436.41	50.2	852.15
1436.51	50.1	833.414
1436.61	50	858.304
1436.71	49.9	808.136
1436.81	49.8	825.339
1436.91	49.7	844.3
1437.01	49.6	831.65
1437.11	49.5	815.671
1437.21	49.4	823.75
1437.31	49.3	797.896
1437.41	49.2	809.904
1437.51	49.1	789.157
1437.61	49	798.393
1437.71	48.9	800.6
1437.81	48.8	774.714
1437.91	48.7	770.321
1438.01	48.6	762.907
1438.11	48.5	758.389
1438.21	48.4	778.186
1438.31	48.3	775.454
1438.41	48.2	763.843
1438.51	48.1	756.561
1438.61	48	743.139
1438.71	47.9	755.743
1438.81	47.8	736.264
1438.91	47.7	718.757
1439.01	47.6	727.471
1439.11	47.5	732.211
1439.21	47.4	728.364
1439.31	47.3	729.493
1439.41	47.2	723.614
1439.51	47.1	725.921
1439.61	47	714.236
1439.71	46.9	714.754
1439.81	46.8	695.264
1439.91	46.7	712.964
1440.01	46.6	720.004
1440.11	46.5	683.696
1440.21	46.4	689.289
1440.31	46.3	707.436
1440.41	46.2	717.804
1440.51	46.1	700.514
1440.61	46	680.771
1440.71	45.9	693.696
1440.81	45.8	698.057
1440.91	45.7	701.511
1441.01	45.6	702.607
1441.11	45.5	688.146
1441.21	45.4	685.518
1441.31	45.3	672.586
1441.41	45.2	687.632
1441.51	45.1	679.104
1441.61	45	666.2
1441.71	44.9	681.468
1441.81	44.8	673.371
1441.91	44.7	676.489
1442.01	44.6	689.05
1442.11	44.5	691.021
1442.21	44.4	691.204
1442.31	44.3	671.707
1442.41	44.2	659.507
1442.51	44.1	674.029
1442.61	44	669.471
1442.71	43.9	662.093
1442.81	43.8	662.839
1442.91	43.7	682.171
1443.01	43.6	664.204
1443.11	43.5	693.979
1443.21	43.4	667.8
1443.31	43.3	672.161
1443.41	43.2	664.746
1443.51	43.1	672.154
1443.61	43	642.586
1443.71	42.9	674.011
1443.81	42.8	669.036
1443.91	42.7	668.886
1444.01	42.6	653.968
1444.11	42.5	672.071
1444.21	42.4	673.125
1444.31	42.3	658.964
1444.41	42.2	654.943
1444.51	42.1	678.611
1444.61	42	649.264
1444.71	41.9	679.325
1444.81	41.8	660.2
1444.91	41.7	661.446
1445.01	41.6	669.689
1445.11	41.5	664.175
1445.21	41.4	665.471
1445.31	41.3	670.571
1445.41	41.2	678.518
1445.51	41.1	680.968
1445.61	41	682.536
1445.71	40.9	676.361
1445.81	40.8	658.136
1445.91	40.7	658.854
1446.01	40.6	678.396
1446.11	40.5	666.8
1446.21	40.4	663.45
1446.31	40.3	675.843
1446.41	40.2	659.918
1446.51	40.1	655.1
1446.61	40	664.768
1446.71	39.9	682.893
1446.81	39.8	667.35
1446.91	39.7	681.146
1447.01	39.6	657.029
1447.11	39.5	663.3
1447.21	39.4	672.854
1447.31	39.3	660.668
1447.41	39.2	681.325
1447.51	39.1	669.064
1447.61	39	671.889
1447.71	38.9	670.021
1447.81	38.8	678.311
1447.91	38.7	646.671
1448.01	38.6	668.886
1448.11	38.5	694.404
1448.21	38.4	667.257
1448.31	38.3	666.511
1448.41	38.2	661.768
1448.51	38.1	664.204
1448.61	38	658.643
1448.71	37.9	675.718
1448.81	37.8	670.057
1448.91	37.7	661.446
1449.01	37.6	684.825
1449.11	37.5	689.1
1449.21	37.4	693.471
1449.31	37.3	685.479
1449.41	37.2	688.229
1449.51	37.1	673.396
1449.61	37	662.289
1449.71	36.9	656.232
1449.81	36.8	658.168
1449.91	36.7	680.586
1450.01	36.6	670.246
1450.11	36.5	671.107
1450.21	36.4	687.536
1450.31	36.3	682.175
1450.41	36.2	683.414
1450.51	36.1	684.621
1450.61	36	681.654
1450.71	35.9	685.821
1450.81	35.8	700.493
1450.91	35.7	678.743
1451.01	35.6	697.121
1451.11	35.5	691.711
1451.21	35.4	687.129
1451.31	35.3	703.154
1451.41	35.2	701.411
1451.51	35.1	697.725
1451.61	35	689.075
1451.71	34.9	669.739
1451.81	34.8	703.414
1451.91	34.7	687.175
1452.01	34.6	689.032
1452.11	34.5	686.732
1452.21	34.4	696.918
1452.31	34.3	702.179
1452.41	34.2	714.557
1452.51	34.1	709.65
1452.61	34	694.139
1452.71	33.9	677.4
1452.81	33.8	687.971
1452.91	33.7	706.482
1453.01	33.6	709.618
1453.11	33.5	725.682
1453.21	33.4	718.611
1453.31	33.3	704.664
1453.41	33.2	698.743
1453.51	33.1	721.557
1453.61	33	713.993
1453.71	32.9	728.257
1453.81	32.8	723.886
1453.91	32.7	712.807
1454.01	32.6	692.921
1454.11	32.5	707.568
1454.21	32.4	747.589
1454.31	32.3	744.589
1454.41	32.2	730.339
1454.51	32.1	733.371
1454.61	32	722.011
1454.71	31.9	730.014
1454.81	31.8	741.807
1454.91	31.7	751.482
1455.01	31.6	752.807
1455.11	31.5	759.65
1455.21	31.4	736.282
1455.31	31.3	765.971
1455.41	31.2	749.643
1455.51	31.1	738.557
1455.61	31	735.043
1455.71	30.9	784.95
1455.81	30.8	768.089
1455.91	30.7	740.257
1456.01	30.6	749.171
1456.11	30.5	751.546
1456.21	30.4	762.171
1456.31	30.3	772.221
1456.41	30.2	765.843
1456.51	30.1	777.039
1456.61	30	766.832
1456.71	29.9	758.811
1456.81	29.8	783.143
1456.91	29.7	777.896
1457.01	29.6	737.779
1457.11	29.5	763.425
1457.21	29.4	739.136
1457.31	29.3	733.011
1457.41	29.2	736.504
1457.51	29.1	748.921
1457.61	29	750.596
1457.71	28.9	767.943
1457.81	28.8	767.629
1457.91	28.7	743.764
1458.01	28.6	775.071
1458.11	28.5	774.968
1458.21	28.4	772.2
1458.31	28.3	832.389
1458.41	28.2	826.389
1458.51	28.1	821.232
1458.61	28	840.196
1458.71	27.9	827.107
1458.81	27.8	824.807
1458.91	27.7	800.821
1459.01	27.6	795.746
1459.11	27.5	800.014
1459.21	27.4	791.604
1459.31	27.3	786.946
1459.41	27.2	796.632
1459.51	27.1	798.089
1459.61	27	752.7
1459.71	26.9	777.725
1459.81	26.8	766.929
1459.91	26.7	763.282
1460.01	26.6	774.779
1460.11	26.5	752.714
1460.21	26.4	770.55
1460.31	26.3	766.571
1460.41	26.2	776.946
1460.51	26.1	778.339
1460.61	26	784.025
1460.71	25.9	784.321
1460.81	25.8	771.4
1460.91	25.7	797.75
1461.01	25.6	803.118
1461.11	25.5	760.482
1461.21	25.4	765.996
1461.31	25.3	761.971
1461.41	25.2	733.621
1461.51	25.1	698.157
1461.61	25	685.139
1461.71	24.9	655.55
1461.81	24.8	627.429
1461.91	24.7	624.232
1462.01	24.6	631.193
1462.11	24.5	607.161
1462.21	24.4	600.164
1462.31	24.3	613
1462.41	24.2	616.014
1462.51	24.1	601.079
1462.61	24	603.471
1462.71	23.9	599.386
1462.81	23.8	586.736
1462.91	23.7	596.475
1463.01	23.6	613.168
1463.11	23.5	587.446
1463.21	23.4	607.807
1463.31	23.3	588.054
1463.41	23.2	585.875
1463.51	23.1	614.271
1463.61	23	618.521
1463.71	22.9	601.029
1463.81	22.8	594.657
1463.91	22.7	604.254
1464.01	22.6	605.661
1464.11	22.5	594.468
1464.21	22.4	588.425
1464.31	22.3	598.996
1464.41	22.2	598.946
1464.51	22.1	602.386
1464.61	22	586.95
1464.71	21.9	593.111
1464.81	21.8	585.093
1464.91	21.7	598.821
1465.01	21.6	609.946
1465.11	21.5	594.496
1465.21	21.4	576.832
1465.31	21.3	573.311
1465.41	21.2	613.254
1465.51	21.1	620.982
1465.61	21	631.579
1465.71	20.9	653.596
1465.81	20.8	689.764
1465.91	20.7	681.239
1466.01	20.6	657.718
1466.11	20.5	641.361
1466.21	20.4	611.15
1466.31	20.3	628.607
1466.41	20.2	605.968
1466.51	20.1	553.439
1466.61	20	556.168
1466.71	19.9	566.654
1466.81	19.8	559.425
1466.91	19.7	573.786
1467.01	19.6	563.461
1467.11	19.5	570.257
1467.21	19.4	577.968
1467.31	19.3	552.311
1467.41	19.2	548.107
1467.51	19.1	542.836
1467.61	19	553.904
1467.71	18.9	545.329
1467.81	18.8	543.339
1467.91	18.7	530.107
1468.01	18.6	540.507
1468.11	18.5	539.6
1468.21	18.4	547.821
1468.31	18.3	548.879
1468.41	18.2	558.043
1468.51	18.1	559.411
1468.61	18	559.411
1468.71	17.9	545.689
1468.81	17.8	547.046
1468.91	17.7	526.664
1469.01	17.6	555.718
1469.11	17.5	560.521
1469.21	17.4	576.293
1469.31	17.3	577.529
1469.41	17.2	568.279
1469.51	17.1	563.014
1469.61	17	582.054
1469.71	16.9	562.996
1469.81	16.8	577.196
1469.91	16.7	573.357
1470.01	16.6	566.35
1470.11	16.5	560.857
1470.21	16.4	559.121
1470.31	16.3	584.964
1470.41	16.2	573.5
1470.51	16.1	567.111
1470.61	16	542.85
1470.71	15.9	569.861
1470.81	15.8	572.186
1470.91	15.7	563.8
1471.01	15.6	565.982
1471.11	15.5	573.689
1471.21	15.4	573.093
1471.31	15.3	599.489
1471.41	15.2	587.629
1471.51	15.1	576.154
1471.61	15	585.879
1471.71	14.9	581.057
1471.81	14.8	559.443
1471.91	14.7	576
1472.01	14.6	566
1472.11	14.5	596.596
1472.21	14.4	576.589
1472.31	14.3	588.279
1472.41	14.2	578.1
1472.51	14.1	594.725
1472.61	14	571.136
1472.71	13.9	581.139
1472.81	13.8	575.936
1472.91	13.7	603.246
1473.01	13.6	578.296
1473.11	13.5	560.086
1473.21	13.4	602.618
1473.31	13.3	587.318
1473.41	13.2	585.296
1473.51	13.1	577.686
1473.61	13	586.957
1473.71	12.9	581.118
1473.81	12.8	610.032
1473.91	12.7	586.204
1474.01	12.6	589.579
1474.11	12.5	585.161
1474.21	12.4	564.846
1474.31	12.3	572.1
1474.41	12.2	563.836
1474.51	12.1	564.904
1474.61	12	557.168
1474.71	11.9	576.2
1474.81	11.8	576.886
1474.91	11.7	544.268
1475.01	11.6	557.243
1475.11	11.5	556.882
1475.21	11.4	563.104
1475.31	11.3	551.196
1475.41	11.2	550.4
1475.51	11.1	577.707
1475.61	11	578.375
1475.71	10.9	601.3
1475.81	10.8	598.361
1475.91	10.7	578.075
1476.01	10.6	586.025
1476.11	10.5	587.089
1476.21	10.4	605.214
1476.31	10.3	616.864
1476.41	10.2	619.15
1476.51	10.1	614.986
1476.61	10	612.793
1476.71	9.9	609.196
1476.81	9.8	603.289
1476.91	9.7	627.025
1477.01	9.6	614.486
1477.11	9.5	604.45
1477.21	9.4	618.686
1477.31	9.3	618.65
1477.41	9.2	628.189
1477.51	9.1	639.746
1477.61	9	677.171
1477.71	8.9	664.039
1477.81	8.8	678.586
1477.91	8.7	674.8
1478.01	8.6	680.439
1478.11	8.5	723.121
1478.21	8.4	732.929
1478.31	8.3	757.139
1478.41	8.2	789.236
1478.51	8.1	801.943
1478.61	8	890.375
1478.71	7.9	968.782
1478.81	7.8	1069.38
1478.91	7.7	1196.96
1479.01	7.6	1389.71
1479.11	7.5	1656.46
1479.21	7.4	1922.6
1479.31	7.3	2244.93
1479.41	7.2	2663.24
1479.51	7.1	3021.35
1479.61	7	3324.33
1479.71	6.9	3578.79
1479.81	6.8	3740.14
1479.91	6.7	3890.86
1480.01	6.6	3998.54
1480.11	6.5	4097.54
1480.21	6.4	4163.14
1480.31	6.3	4196.79
1480.41	6.2	4156.07
1480.51	6.1	4134.36
1480.61	6	4025.54
1480.71	5.9	4011.21
1480.81	5.8	4040.5
1480.91	5.7	4105.21
1481.01	5.6	4229.46
1481.11	5.5	4299.36
1481.21	5.4	4456.82
1481.31	5.3	4551
1481.41	5.2	4662.79
1481.51	5.1	4757.04
1481.61	5	4890.29
1481.71	4.9	4987.32
1481.81	4.8	4985.43
1481.91	4.7	4965.75
1482.01	4.6	4932.93
1482.11	4.5	4963.96
1482.21	4.4	4890.71
1482.31	4.3	4847.25
1482.41	4.2	4668.43
1482.51	4.1	4264.32
1482.61	4	3713.14
1482.71	3.9	2997.99
1482.81	3.8	2241.37
1482.91	3.7	1561.01
1483.01	3.6	1034.42
1483.11	3.5	676.589
1483.21	3.4	469.714
1483.31	3.3	377.054
1483.41	3.2	342.688
1483.51	3.1	307.073
1483.61	3	292.637
1483.71	2.9	292.496
1483.81	2.8	281.671
1483.91	2.7	274.557
1484.01	2.6	267.848
1484.11	2.5	271.632
1484.21	2.4	276.034
1484.31	2.3	259.644
1484.41	2.2	253.429
1484.51	2.1	248.609
1484.61	2	247.231
1484.71	1.9	244.663
1484.81	1.8	234.315
1484.91	1.7	228.202
1485.01	1.6	233.911
1485.11	1.5	223.117
1485.21	1.4	217.241
1485.31	1.3	216.092
1485.41	1.2	202.967
1485.51	1.1	210.507
1485.61	1	209.912
1485.71	0.9	199.215
1485.81	0.8	198.569
1485.91	0.7	208.434
1486.01	0.6	213.625
1486.11	0.5	213.417
1486.21	0.4	212.133
1486.31	0.3	187.093
1486.41	0.2	180.307
1486.51	0.1	152.726
1486.61	0	120.311
1486.71	-0.1	94.7421
1486.81	-0.2	61.6543
1486.91	-0.3	36.7704
1487.01	-0.4	23.2757
1487.11	-0.5	18.0422
1487.21	-0.6	12.6045
1487.31	-0.7	12.1806
1487.41	-0.8	11.7585
1487.51	-0.9	12.5033
1487.61	-1	11.803
1487.71	-1.1	9.48039
1487.81	-1.2	7.82829
1487.91	-1.3	11.9377
1488.01	-1.4	7.76882
1488.11	-1.5	8.81711
1488.21	-1.6	9.03811
1488.31	-1.7	7.59921
1488.41	-1.8	7.30843
1488.51	-1.9	6.54296
1488.61	-2	5.75718