c:\users\mark\owncloud\muelheim group\projects\gas phase background\ex340_cec356_ag he arm22.vms
AgMNN
	Characteristic Energy eV	1486.61	Acquisition Time s	1
KE_AgMNN	BE_AgMNN	CPS_AgMNN
266.61	1220	9044.64
266.71	1219.9	8941.33
266.81	1219.8	8974.57
266.91	1219.7	9026.14
267.01	1219.6	8971.95
267.11	1219.5	9139.2
267.21	1219.4	9027.27
267.31	1219.3	8964.53
267.41	1219.2	9003.94
267.51	1219.1	8990.66
267.61	1219	8840.12
267.71	1218.9	8772.4
267.81	1218.8	8825.88
267.91	1218.7	8880.63
268.01	1218.6	8828.48
268.11	1218.5	8975.28
268.21	1218.4	8935.48
268.31	1218.3	8751.08
268.41	1218.2	8890.44
268.51	1218.1	8779.79
268.61	1218	8878.05
268.71	1217.9	8761.77
268.81	1217.8	8672.38
268.91	1217.7	8591.76
269.01	1217.6	8753.95
269.11	1217.5	8691.81
269.21	1217.4	8758.3
269.31	1217.3	8831.57
269.41	1217.2	8747.43
269.51	1217.1	8557.86
269.61	1217	8629.9
269.71	1216.9	8621.64
269.81	1216.8	8554.91
269.91	1216.7	8649.42
270.01	1216.6	8503.73
270.11	1216.5	8612.18
270.21	1216.4	8476.03
270.31	1216.3	8643.01
270.41	1216.2	8563.55
270.51	1216.1	8554.34
270.61	1216	8568.62
270.71	1215.9	8604.92
270.81	1215.8	8607.47
270.91	1215.7	8498.77
271.01	1215.6	8594.09
271.11	1215.5	8543.27
271.21	1215.4	8423.14
271.31	1215.3	8501.94
271.41	1215.2	8409.66
271.51	1215.1	8584.28
271.61	1215	8433.36
271.71	1214.9	8393.72
271.81	1214.8	8470.77
271.91	1214.7	8506.99
272.01	1214.6	8528.34
272.11	1214.5	8351.64
272.21	1214.4	8480.32
272.31	1214.3	8377.83
272.41	1214.2	8352.72
272.51	1214.1	8451.57
272.61	1214	8460
272.71	1213.9	8439.62
272.81	1213.8	8520.2
272.91	1213.7	8547.17
273.01	1213.6	8386.52
273.11	1213.5	8467.07
273.21	1213.4	8557.41
273.31	1213.3	8435.9
273.41	1213.2	8342.11
273.51	1213.1	8409.17
273.61	1213	8368.93
273.71	1212.9	8506.42
273.81	1212.8	8440.51
273.91	1212.7	8417.01
274.01	1212.6	8379.14
274.11	1212.5	8460
274.21	1212.4	8441.8
274.31	1212.3	8350.58
274.41	1212.2	8357.16
274.51	1212.1	8429.99
274.61	1212	8454.04
274.71	1211.9	8348.04
274.81	1211.8	8458.02
274.91	1211.7	8542.85
275.01	1211.6	8378.22
275.11	1211.5	8344.34
275.21	1211.4	8393.19
275.31	1211.3	8433.55
275.41	1211.2	8512.91
275.51	1211.1	8529.21
275.61	1211	8503
275.71	1210.9	8544.02
275.81	1210.8	8400.31
275.91	1210.7	8221.62
276.01	1210.6	8390.61
276.11	1210.5	8485.37
276.21	1210.4	8511.5
276.31	1210.3	8524.12
276.41	1210.2	8455.05
276.51	1210.1	8389.94
276.61	1210	8537.26
276.71	1209.9	8505.3
276.81	1209.8	8398.65
276.91	1209.7	8418.61
277.01	1209.6	8368.16
277.11	1209.5	8399.95
277.21	1209.4	8493.27
277.31	1209.3	8421.3
277.41	1209.2	8490.21
277.51	1209.1	8538
277.61	1209	8514.63
277.71	1208.9	8388.36
277.81	1208.8	8428.31
277.91	1208.7	8428.83
278.01	1208.6	8488.77
278.11	1208.5	8477.06
278.21	1208.4	8605.83
278.31	1208.3	8453.32
278.41	1208.2	8635.16
278.51	1208.1	8605.46
278.61	1208	8617.82
278.71	1207.9	8482.85
278.81	1207.8	8674.89
278.91	1207.7	8575.41
279.01	1207.6	8567.73
279.11	1207.5	8504.11
279.21	1207.4	8464.53
279.31	1207.3	8582.39
279.41	1207.2	8496.89
279.51	1207.1	8490.05
279.61	1207	8594.17
279.71	1206.9	8579.47
279.81	1206.8	8607.19
279.91	1206.7	8643.14
280.01	1206.6	8722.09
280.11	1206.5	8560.9
280.21	1206.4	8459.4
280.31	1206.3	8513.69
280.41	1206.2	8650.54
280.51	1206.1	8570.72
280.61	1206	8541.42
280.71	1205.9	8695.68
280.81	1205.8	8589.69
280.91	1205.7	8569.44
281.01	1205.6	8625.14
281.11	1205.5	8581.41
281.21	1205.4	8608.41
281.31	1205.3	8608.03
281.41	1205.2	8599.97
281.51	1205.1	8706.89
281.61	1205	8671.69
281.71	1204.9	8656.77
281.81	1204.8	8568.94
281.91	1204.7	8602.95
282.01	1204.6	8693.37
282.11	1204.5	8723.61
282.21	1204.4	8727.82
282.31	1204.3	8693.6
282.41	1204.2	8696.43
282.51	1204.1	8790.83
282.61	1204	8876.82
282.71	1203.9	8801.51
282.81	1203.8	8837.08
282.91	1203.7	8820.23
283.01	1203.6	8775.21
283.11	1203.5	8789.21
283.21	1203.4	8848.7
283.31	1203.3	8754.42
283.41	1203.2	8853.38
283.51	1203.1	8654.38
283.61	1203	8795.88
283.71	1202.9	8915.03
283.81	1202.8	8962.49
283.91	1202.7	8937.97
284.01	1202.6	8952.26
284.11	1202.5	8801.4
284.21	1202.4	8968.62
284.31	1202.3	8903.88
284.41	1202.2	8986.3
284.51	1202.1	8909.3
284.61	1202	8968.15
284.71	1201.9	8989.7
284.81	1201.8	8855.86
284.91	1201.7	8860.67
285.01	1201.6	9096.75
285.11	1201.5	9042.16
285.21	1201.4	8830.13
285.31	1201.3	8918.12
285.41	1201.2	9004.45
285.51	1201.1	9069.85
285.61	1201	9138.07
285.71	1200.9	9123.86
285.81	1200.8	9163.4
285.91	1200.7	9045.23
286.01	1200.6	9034.72
286.11	1200.5	8990.56
286.21	1200.4	9039.56
286.31	1200.3	9068.35
286.41	1200.2	9230.47
286.51	1200.1	9203.52
286.61	1200	9235.02
286.71	1199.9	9333.37
286.81	1199.8	9215.42
286.91	1199.7	9124.42
287.01	1199.6	9143.7
287.11	1199.5	9142.54
287.21	1199.4	9148.71
287.31	1199.3	9233.06
287.41	1199.2	9261.2
287.51	1199.1	9233.3
287.61	1199	9115.91
287.71	1198.9	9132.97
287.81	1198.8	9311.46
287.91	1198.7	9321.11
288.01	1198.6	9211.97
288.11	1198.5	9166.8
288.21	1198.4	9271.01
288.31	1198.3	9264.5
288.41	1198.2	9373.1
288.51	1198.1	9225.26
288.61	1198	9244.54
288.71	1197.9	9509.62
288.81	1197.8	9449.89
288.91	1197.7	9479.76
289.01	1197.6	9370.47
289.11	1197.5	9344.71
289.21	1197.4	9346.72
289.31	1197.3	9449.98
289.41	1197.2	9546.37
289.51	1197.1	9570.38
289.61	1197	9483.97
289.71	1196.9	9406.44
289.81	1196.8	9429.91
289.91	1196.7	9382.19
290.01	1196.6	9505.21
290.11	1196.5	9565.7
290.21	1196.4	9498.71
290.31	1196.3	9386.47
290.41	1196.2	9305.34
290.51	1196.1	9425.42
290.61	1196	9538.3
290.71	1195.9	9632.86
290.81	1195.8	9385.88
290.91	1195.7	9370.69
291.01	1195.6	9558.35
291.11	1195.5	9436.39
291.21	1195.4	9545.42
291.31	1195.3	9522.92
291.41	1195.2	9542.68
291.51	1195.1	9502.7
291.61	1195	9528.42
291.71	1194.9	9647.88
291.81	1194.8	9499.91
291.91	1194.7	9524.74
292.01	1194.6	9477.58
292.11	1194.5	9405.34
292.21	1194.4	9422.05
292.31	1194.3	9506.98
292.41	1194.2	9499.12
292.51	1194.1	9504.66
292.61	1194	9529.97
292.71	1193.9	9626.14
292.81	1193.8	9508.19
292.91	1193.7	9544.41
293.01	1193.6	9513.99
293.11	1193.5	9481.62
293.21	1193.4	9460.59
293.31	1193.3	9562.4
293.41	1193.2	9654.87
293.51	1193.1	9597.42
293.61	1193	9569.36
293.71	1192.9	9490.48
293.81	1192.8	9524.16
293.91	1192.7	9526.38
294.01	1192.6	9500.36
294.11	1192.5	9643.39
294.21	1192.4	9767.83
294.31	1192.3	9720.96
294.41	1192.2	9769.75
294.51	1192.1	9595.89
294.61	1192	9528.04
294.71	1191.9	9532.34
294.81	1191.8	9482.91
294.91	1191.7	9662.75
295.01	1191.6	9652.97
295.11	1191.5	9558.65
295.21	1191.4	9485.3
295.31	1191.3	9640.37
295.41	1191.2	9634.96
295.51	1191.1	9672.69
295.61	1191	9516.81
295.71	1190.9	9561.82
295.81	1190.8	9593.34
295.91	1190.7	9624.35
296.01	1190.6	9432.49
296.11	1190.5	9442.94
296.21	1190.4	9477.26
296.31	1190.3	9499.08
296.41	1190.2	9431.09
296.51	1190.1	9460.27
296.61	1190	9442.21
296.71	1189.9	9355.93
296.81	1189.8	9371.39
296.91	1189.7	9498.35
297.01	1189.6	9335.6
297.11	1189.5	9437.59
297.21	1189.4	9436.82
297.31	1189.3	9331.02
297.41	1189.2	9363.98
297.51	1189.1	9489.15
297.61	1189	9501.58
297.71	1188.9	9420.16
297.81	1188.8	9507.74
297.91	1188.7	9333.65
298.01	1188.6	9314.25
298.11	1188.5	9394.02
298.21	1188.4	9376.8
298.31	1188.3	9458.12
298.41	1188.2	9437.01
298.51	1188.1	9275.62
298.61	1188	9351.9
298.71	1187.9	9353.48
298.81	1187.8	9290.88
298.91	1187.7	9220.18
299.01	1187.6	9191.25
299.11	1187.5	9126.68
299.21	1187.4	9140.84
299.31	1187.3	9219.82
299.41	1187.2	9157.36
299.51	1187.1	9294.17
299.61	1187	9277.35
299.71	1186.9	9180.75
299.81	1186.8	9222.5
299.91	1186.7	9210.62
300.01	1186.6	9242.72
300.11	1186.5	9074.13
300.21	1186.4	9133.16
300.31	1186.3	9173.99
300.41	1186.2	9227.14
300.51	1186.1	9201.9
300.61	1186	9252.28
300.71	1185.9	9237.04
300.81	1185.8	9239.14
300.91	1185.7	9168.36
301.01	1185.6	9194.92
301.11	1185.5	9077.08
301.21	1185.4	8909.66
301.31	1185.3	8923.63
301.41	1185.2	8881.9
301.51	1185.1	9086.78
301.61	1185	9049.89
301.71	1184.9	8994.29
301.81	1184.8	8948.6
301.91	1184.7	8903.8
302.01	1184.6	8921.37
302.11	1184.5	8897.5
302.21	1184.4	8835.38
302.31	1184.3	8850.69
302.41	1184.2	8858.84
302.51	1184.1	8671.51
302.61	1184	8703.19
302.71	1183.9	8597.03
302.81	1183.8	8608.18
302.91	1183.7	8375.38
303.01	1183.6	8546.49
303.11	1183.5	8484.98
303.21	1183.4	8500.08
303.31	1183.3	8469.38
303.41	1183.2	8567.95
303.51	1183.1	8576.98
303.61	1183	8533.4
303.71	1182.9	8516.32
303.81	1182.8	8417.57
303.91	1182.7	8207.34
304.01	1182.6	8258.96
304.11	1182.5	8191
304.21	1182.4	8259.64
304.31	1182.3	8237.71
304.41	1182.2	8155.93
304.51	1182.1	8180.59
304.61	1182	7999.18
304.71	1181.9	8046.94
304.81	1181.8	8195.18
304.91	1181.7	8067.45
305.01	1181.6	8086.04
305.11	1181.5	7969.46
305.21	1181.4	7965
305.31	1181.3	8041.15
305.41	1181.2	8021.65
305.51	1181.1	7835.5
305.61	1181	8048.44
305.71	1180.9	7981.81
305.81	1180.8	7898.48
305.91	1180.7	7842.58
306.01	1180.6	7656.15
306.11	1180.5	7720.89
306.21	1180.4	7737.94
306.31	1180.3	7712.51
306.41	1180.2	7741.28
306.51	1180.1	7759.01
306.61	1180	7664.72
306.71	1179.9	7527.46
306.81	1179.8	7539.94
306.91	1179.7	7589.81
307.01	1179.6	7601.6
307.11	1179.5	7492.86
307.21	1179.4	7566.32
307.31	1179.3	7522.77
307.41	1179.2	7433.17
307.51	1179.1	7337.01
307.61	1179	7372.74
307.71	1178.9	7269.01
307.81	1178.8	7366.94
307.91	1178.7	7452.18
308.01	1178.6	7252.27
308.11	1178.5	7343.79
308.21	1178.4	7457.63
308.31	1178.3	7188.69
308.41	1178.2	7054.84
308.51	1178.1	7093.1
308.61	1178	7082.26
308.71	1177.9	7142.11
308.81	1177.8	7035.4
308.91	1177.7	7026.05
309.01	1177.6	7055.74
309.11	1177.5	7039.54
309.21	1177.4	6871.65
309.31	1177.3	6935.84
309.41	1177.2	6893.12
309.51	1177.1	6968.3
309.61	1177	6985.47
309.71	1176.9	6973.28
309.81	1176.8	6840.76
309.91	1176.7	6909.27
310.01	1176.6	6753.67
310.11	1176.5	6823.03
310.21	1176.4	6845.4
310.31	1176.3	6831.89
310.41	1176.2	6935.17
310.51	1176.1	6817.83
310.61	1176	6753.67
310.71	1175.9	6754.92
310.81	1175.8	6791.51
310.91	1175.7	6709.26
311.01	1175.6	6751.82
311.11	1175.5	6750.62
311.21	1175.4	6711.33
311.31	1175.3	6644.05
311.41	1175.2	6558.97
311.51	1175.1	6626.76
311.61	1175	6639.29
311.71	1174.9	6562.34
311.81	1174.8	6647.75
311.91	1174.7	6523.3
312.01	1174.6	6472.45
312.11	1174.5	6566.5
312.21	1174.4	6480.55
312.31	1174.3	6553.88
312.41	1174.2	6528.83
312.51	1174.1	6561.55
312.61	1174	6536.25
312.71	1173.9	6589.14
312.81	1173.8	6484.61
312.91	1173.7	6547.3
313.01	1173.6	6487.28
313.11	1173.5	6536.61
313.21	1173.4	6524.02
313.31	1173.3	6456.32
313.41	1173.2	6335.11
313.51	1173.1	6429.14
313.61	1173	6494.57
313.71	1172.9	6253.93
313.81	1172.8	6400.05
313.91	1172.7	6387.03
314.01	1172.6	6348.13
314.11	1172.5	6462.86
314.21	1172.4	6393.71
314.31	1172.3	6450.37
314.41	1172.2	6395.38
314.51	1172.1	6370.87
314.61	1172	6420.22
314.71	1171.9	6419.33
314.81	1171.8	6406.26
314.91	1171.7	6343.59
315.01	1171.6	6320.29
315.11	1171.5	6362.65
315.21	1171.4	6381.9
315.31	1171.3	6405.11
315.41	1171.2	6305.02
315.51	1171.1	6306.06
315.61	1171	6451.21
315.71	1170.9	6246.75
315.81	1170.8	6304.58
315.91	1170.7	6371.76
316.01	1170.6	6322.4
316.11	1170.5	6265.29
316.21	1170.4	6316.22
316.31	1170.3	6330.07
316.41	1170.2	6337.37
316.51	1170.1	6386.45
316.61	1170	6328.11
316.71	1169.9	6361.49
316.81	1169.8	6194.49
316.91	1169.7	6279.31
317.01	1169.6	6327.14
317.11	1169.5	6226.49
317.21	1169.4	6247.44
317.31	1169.3	6254.34
317.41	1169.2	6231.65
317.51	1169.1	6322.09
317.61	1169	6287.67
317.71	1168.9	6177.53
317.81	1168.8	6221.02
317.91	1168.7	6272.09
318.01	1168.6	6185.94
318.11	1168.5	6270.4
318.21	1168.4	6256.4
318.31	1168.3	6266.13
318.41	1168.2	6279.86
318.51	1168.1	6272.43
318.61	1168	6167.41
318.71	1167.9	6334.3
318.81	1167.8	6411.07
318.91	1167.7	6378.37
319.01	1167.6	6379.98
319.11	1167.5	6359.37
319.21	1167.4	6261.83
319.31	1167.3	6333.91
319.41	1167.2	6273.81
319.51	1167.1	6372.67
319.61	1167	6280.21
319.71	1166.9	6269.35
319.81	1166.8	6204.94
319.91	1166.7	6274.93
320.01	1166.6	6398.23
320.11	1166.5	6235.2
320.21	1166.4	6211.91
320.31	1166.3	6270.45
320.41	1166.2	6176.23
320.51	1166.1	6191.92
320.61	1166	6285.43
320.71	1165.9	6354.8
320.81	1165.8	6374.89
320.91	1165.7	6339
321.01	1165.6	6310.78
321.11	1165.5	6389.19
321.21	1165.4	6329.92
321.31	1165.3	6273.99
321.41	1165.2	6178.25
321.51	1165.1	6089.65
321.61	1165	6408.41
321.71	1164.9	6298.14
321.81	1164.8	6384.65
321.91	1164.7	6201.93
322.01	1164.6	6325.67
322.11	1164.5	6254.63
322.21	1164.4	6348.57
322.31	1164.3	6229.83
322.41	1164.2	6187.23
322.51	1164.1	6223.12
322.61	1164	6426.11
322.71	1163.9	6320.88
322.81	1163.8	6326.33
322.91	1163.7	6444.3
323.01	1163.6	6388.4
323.11	1163.5	6324.7
323.21	1163.4	6280.28
323.31	1163.3	6269.74
323.41	1163.2	6301.03
323.51	1163.1	6452
323.61	1163	6351.4
323.71	1162.9	6319.67
323.81	1162.8	6398.81
323.91	1162.7	6249.48
324.01	1162.6	6327.67
324.11	1162.5	6376.7
324.21	1162.4	6426.24
324.31	1162.3	6189.04
324.41	1162.2	6356.05
324.51	1162.1	6313.75
324.61	1162	6342.32
324.71	1161.9	6387.89
324.81	1161.8	6374.45
324.91	1161.7	6262.01
325.01	1161.6	6376.36
325.11	1161.5	6303.33
325.21	1161.4	6445.38
325.31	1161.3	6379.3
325.41	1161.2	6375.25
325.51	1161.1	6374.1
325.61	1161	6422.14
325.71	1160.9	6427.45
325.81	1160.8	6307.22
325.91	1160.7	6363.81
326.01	1160.6	6379.37
326.11	1160.5	6272.24
326.21	1160.4	6393.85
326.31	1160.3	6346.56
326.41	1160.2	6418.96
326.51	1160.1	6421.22
326.61	1160	6430.66
326.71	1159.9	6428.81
326.81	1159.8	6406.29
326.91	1159.7	6407.09
327.01	1159.6	6406.51
327.11	1159.5	6421.65
327.21	1159.4	6469.03
327.31	1159.3	6449.91
327.41	1159.2	6428.19
327.51	1159.1	6509.97
327.61	1159	6507.56
327.71	1158.9	6439.68
327.81	1158.8	6453.7
327.91	1158.7	6550.72
328.01	1158.6	6574.22
328.11	1158.5	6534.8
328.21	1158.4	6364.89
328.31	1158.3	6331.86
328.41	1158.2	6449.25
328.51	1158.1	6498.4
328.61	1158	6464.91
328.71	1157.9	6534.55
328.81	1157.8	6370.57
328.91	1157.7	6471.35
329.01	1157.6	6517.24
329.11	1157.5	6575.89
329.21	1157.4	6472.09
329.31	1157.3	6394.92
329.41	1157.2	6386.1
329.51	1157.1	6484.29
329.61	1157	6627.1
329.71	1156.9	6520.84
329.81	1156.8	6308.31
329.91	1156.7	6496.02
330.01	1156.6	6690.87
330.11	1156.5	6618.73
330.21	1156.4	6510.96
330.31	1156.3	6442.66
330.41	1156.2	6497.5
330.51	1156.1	6542.77
330.61	1156	6522.19
330.71	1155.9	6550.96
330.81	1155.8	6634.42
330.91	1155.7	6446.17
331.01	1155.6	6502.38
331.11	1155.5	6571.8
331.21	1155.4	6455.51
331.31	1155.3	6600.56
331.41	1155.2	6446.59
331.51	1155.1	6533.83
331.61	1155	6561.57
331.71	1154.9	6626.55
331.81	1154.8	6485.47
331.91	1154.7	6483.95
332.01	1154.6	6515.98
332.11	1154.5	6515.26
332.21	1154.4	6539.08
332.31	1154.3	6576.95
332.41	1154.2	6553.6
332.51	1154.1	6612.82
332.61	1154	6582.63
332.71	1153.9	6553.12
332.81	1153.8	6750.18
332.91	1153.7	6576.43
333.01	1153.6	6571.92
333.11	1153.5	6688.56
333.21	1153.4	6557.47
333.31	1153.3	6620.75
333.41	1153.2	6696.6
333.51	1153.1	6739.54
333.61	1153	6594.48
333.71	1152.9	6597.08
333.81	1152.8	6728.72
333.91	1152.7	6657.14
334.01	1152.6	6686.41
334.11	1152.5	6626.08
334.21	1152.4	6574.06
334.31	1152.3	6607.08
334.41	1152.2	6600.18
334.51	1152.1	6605.09
334.61	1152	6571.32
334.71	1151.9	6651.62
334.81	1151.8	6578
334.91	1151.7	6669.85
335.01	1151.6	6606.86
335.11	1151.5	6613.07
335.21	1151.4	6669.99
335.31	1151.3	6607.63
335.41	1151.2	6640.36
335.51	1151.1	6730.68
335.61	1151	6632.61
335.71	1150.9	6710.99
335.81	1150.8	6706.4
335.91	1150.7	6749.54
336.01	1150.6	6676.31
336.11	1150.5	6795.78
336.21	1150.4	6742.23
336.31	1150.3	6716.33
336.41	1150.2	6714.36
336.51	1150.1	6735.48
336.61	1150	6658.26
336.71	1149.9	6849.58
336.81	1149.8	6788.15
336.91	1149.7	6812.55
337.01	1149.6	6763.65
337.11	1149.5	6736.61
337.21	1149.4	6745.27
337.31	1149.3	6816.34
337.41	1149.2	6827.36
337.51	1149.1	6794.44
337.61	1149	6685.03
337.71	1148.9	6771.18
337.81	1148.8	6810.06
337.91	1148.7	6783.25
338.01	1148.6	6813.11
338.11	1148.5	6714.74
338.21	1148.4	6765.44
338.31	1148.3	6736.32
338.41	1148.2	6753.17
338.51	1148.1	6805.31
338.61	1148	6850.58
338.71	1147.9	6885.18
338.81	1147.8	6855.02
338.91	1147.7	6892.22
339.01	1147.6	6927.65
339.11	1147.5	6891.92
339.21	1147.4	6772.05
339.31	1147.3	6788.26
339.41	1147.2	6836.84
339.51	1147.1	6945.83
339.61	1147	6898.27
339.71	1146.9	6823.11
339.81	1146.8	6773.33
339.91	1146.7	6923.31
340.01	1146.6	7033.02
340.11	1146.5	7001.98
340.21	1146.4	7032.16
340.31	1146.3	7045.94
340.41	1146.2	6906.48
340.51	1146.1	6867.8
340.61	1146	7054.88
340.71	1145.9	6856.14
340.81	1145.8	6975.6
340.91	1145.7	7064.46
341.01	1145.6	7019.13
341.11	1145.5	7098.64
341.21	1145.4	7058.2
341.31	1145.3	6931.86
341.41	1145.2	6969.27
341.51	1145.1	6989.85
341.61	1145	6906.42
341.71	1144.9	6951.88
341.81	1144.8	7078.03
341.91	1144.7	7064.7
342.01	1144.6	7096.98
342.11	1144.5	7193.31
342.21	1144.4	7220.59
342.31	1144.3	7140.47
342.41	1144.2	7305.76
342.51	1144.1	7135.66
342.61	1144	7313.08
342.71	1143.9	7293.85
342.81	1143.8	7255.83
342.91	1143.7	7320.77
343.01	1143.6	7319.36
343.11	1143.5	7337
343.21	1143.4	7366.04
343.31	1143.3	7327.35
343.41	1143.2	7370.27
343.51	1143.1	7287.76
343.61	1143	7363.38
343.71	1142.9	7397.06
343.81	1142.8	7390.53
343.91	1142.7	7473.29
344.01	1142.6	7488.68
344.11	1142.5	7444.89
344.21	1142.4	7499.89
344.31	1142.3	7662.6
344.41	1142.2	7675.02
344.51	1142.1	7822.23
344.61	1142	7747.78
344.71	1141.9	7701.77
344.81	1141.8	7676.68
344.91	1141.7	7768.26
345.01	1141.6	7553.04
345.11	1141.5	7531.98
345.21	1141.4	7633.65
345.31	1141.3	7863.58
345.41	1141.2	7980.74
345.51	1141.1	7800.05
345.61	1141	7724.2
345.71	1140.9	7838.18
345.81	1140.8	7866.37
345.91	1140.7	7896.5
346.01	1140.6	7999.13
346.11	1140.5	8034.48
346.21	1140.4	7950.06
346.31	1140.3	8007.88
346.41	1140.2	8126.85
346.51	1140.1	8120.82
346.61	1140	8172.12
346.71	1139.9	8269.96
346.81	1139.8	8327.81
346.91	1139.7	8295.71
347.01	1139.6	8349.19
347.11	1139.5	8291.62
347.21	1139.4	8358.25
347.31	1139.3	8436.6
347.41	1139.2	8489.95
347.51	1139.1	8563.93
347.61	1139	8524.89
347.71	1138.9	8784.31
347.81	1138.8	8761.05
347.91	1138.7	8840.05
348.01	1138.6	8902.24
348.11	1138.5	9041.61
348.21	1138.4	9180.03
348.31	1138.3	9405.48
348.41	1138.2	9436.03
348.51	1138.1	9639.42
348.61	1138	9575.46
348.71	1137.9	9660.59
348.81	1137.8	9631.09
348.91	1137.7	9689.37
349.01	1137.6	9642.05
349.11	1137.5	9679.93
349.21	1137.4	9551.78
349.31	1137.3	9681.94
349.41	1137.2	9607.4
349.51	1137.1	9688.86
349.61	1137	9661.25
349.71	1136.9	9732.96
349.81	1136.8	9749.94
349.91	1136.7	9795.89
350.01	1136.6	9657.82
350.11	1136.5	9756.45
350.21	1136.4	9878.57
350.31	1136.3	10010.5
350.41	1136.2	10092.7
350.51	1136.1	10265.1
350.61	1136	10408.9
350.71	1135.9	10588
350.81	1135.8	10752.9
350.91	1135.7	11097.4
351.01	1135.6	11601.8
351.11	1135.5	12167.9
351.21	1135.4	12742.3
351.31	1135.3	13363.9
351.41	1135.2	14191.2
351.51	1135.1	14945.3
351.61	1135	15517.1
351.71	1134.9	15807.4
351.81	1134.8	16112.7
351.91	1134.7	16156
352.01	1134.6	15708.5
352.11	1134.5	15362.2
352.21	1134.4	15081.4
352.31	1134.3	14695.2
352.41	1134.2	14531.5
352.51	1134.1	14378.2
352.61	1134	14331.2
352.71	1133.9	14291.7
352.81	1133.8	13982.9
352.91	1133.7	13649.3
353.01	1133.6	13552.5
353.11	1133.5	13616.9
353.21	1133.4	13465.2
353.31	1133.3	13378.7
353.41	1133.2	13321.8
353.51	1133.1	13357
353.61	1133	13166.4
353.71	1132.9	12873.8
353.81	1132.8	12561.2
353.91	1132.7	12080.4
354.01	1132.6	11906.5
354.11	1132.5	11630
354.21	1132.4	11338.2
354.31	1132.3	11189.1
354.41	1132.2	10919.5
354.51	1132.1	10811.4
354.61	1132	10813.7
354.71	1131.9	10643.8
354.81	1131.8	10385.2
354.91	1131.7	10206.2
355.01	1131.6	10153.2
355.11	1131.5	9907.13
355.21	1131.4	9714.56
355.31	1131.3	9766.62
355.41	1131.2	9547.82
355.51	1131.1	9302.53
355.61	1131	9232.72
355.71	1130.9	9303.05
355.81	1130.8	9199
355.91	1130.7	9196.77
356.01	1130.6	9221.63
356.11	1130.5	9129.09
356.21	1130.4	9158.65
356.31	1130.3	8961.97
356.41	1130.2	8986.05
356.51	1130.1	9206.64
356.61	1130	9196.92
356.71	1129.9	9165.97
356.81	1129.8	9432.26
356.91	1129.7	9506.52
357.01	1129.6	9722
357.11	1129.5	10120.3
357.21	1129.4	10548.6
357.31	1129.3	11331.6
357.41	1129.2	11882.3
357.51	1129.1	12387.4
357.61	1129	12932.8
357.71	1128.9	13347.1
357.81	1128.8	13579.6
357.91	1128.7	13633.8
358.01	1128.6	13482.9
358.11	1128.5	12971.1
358.21	1128.4	12112.8
358.31	1128.3	11559.3
358.41	1128.2	11069.2
358.51	1128.1	10535.2
358.61	1128	10024.2
358.71	1127.9	9600.02
358.81	1127.8	9415.93
358.91	1127.7	9244.75
359.01	1127.6	8948.08
359.11	1127.5	8917.8
359.21	1127.4	8657.04
359.31	1127.3	8502.25
359.41	1127.2	8176.61
359.51	1127.1	7751.34
359.61	1127	7545.75
359.71	1126.9	7368.78
359.81	1126.8	7074.89
359.91	1126.7	6804.7
360.01	1126.6	6551.63
360.11	1126.5	6368.03
360.21	1126.4	6127.21
360.31	1126.3	6148.1
360.41	1126.2	6171.58
360.51	1126.1	6084.14
360.61	1126	5970.53
360.71	1125.9	5859.23
360.81	1125.8	5855.8
360.91	1125.7	5973.38
361.01	1125.6	5798.92
361.11	1125.5	5719.51
361.21	1125.4	5756.91
361.31	1125.3	5707.85
361.41	1125.2	5733.23
361.51	1125.1	5614.9
361.61	1125	5691.69
361.71	1124.9	5632.39
361.81	1124.8	5571.36
361.91	1124.7	5685.34
362.01	1124.6	5543.74
362.11	1124.5	5628.96
362.21	1124.4	5585.16
362.31	1124.3	5494.26
362.41	1124.2	5464.75
362.51	1124.1	5417.86
362.61	1124	5408.65
362.71	1123.9	5487.36
362.81	1123.8	5329.06
362.91	1123.7	5417.31
363.01	1123.6	5354.45
363.11	1123.5	5463.9
363.21	1123.4	5318.32
363.31	1123.3	5259.26
363.41	1123.2	5253.29
363.51	1123.1	5209.58
363.61	1123	5149.06
363.71	1122.9	5127.03
363.81	1122.8	5154.99
363.91	1122.7	5163.87
364.01	1122.6	5035.67
364.11	1122.5	5017.11
364.21	1122.4	4996.22
364.31	1122.3	5045.01
364.41	1122.2	4998.85
364.51	1122.1	5102.86
364.61	1122	5048.76
364.71	1121.9	5013.66
364.81	1121.8	4937.1
364.91	1121.7	4957.06
365.01	1121.6	4962.97
365.11	1121.5	4943.41
365.21	1121.4	4805.47
365.31	1121.3	4865.49
365.41	1121.2	4816.1
365.51	1121.1	4779.31
365.61	1121	4823.53
365.71	1120.9	4727.36
365.81	1120.8	4767.61
365.91	1120.7	4690.59
366.01	1120.6	4628.74
366.11	1120.5	4704.96
366.21	1120.4	4695
366.31	1120.3	4702.76
366.41	1120.2	4677.25
366.51	1120.1	4655.31
366.61	1120	4555.98
366.71	1119.9	4577.93
366.81	1119.8	4506.88
366.91	1119.7	4613.04
367.01	1119.6	4583.19
367.11	1119.5	4568.47
367.21	1119.4	4667.16
367.31	1119.3	4641.3
367.41	1119.2	4630.07
367.51	1119.1	4579.95
367.61	1119	4512.43
367.71	1118.9	4499.32
367.81	1118.8	4565.24
367.91	1118.7	4563.3
368.01	1118.6	4486.9
368.11	1118.5	4548.22
368.21	1118.4	4650.18
368.31	1118.3	4501.17
368.41	1118.2	4524.3
368.51	1118.1	4538.62
368.61	1118	4514.89
368.71	1117.9	4567.68
368.81	1117.8	4461.38
368.91	1117.7	4493.75
369.01	1117.6	4451.21
369.11	1117.5	4492.48
369.21	1117.4	4420.57
369.31	1117.3	4476.81
369.41	1117.2	4469.78
369.51	1117.1	4424.37
369.61	1117	4494.95
369.71	1116.9	4555.1
369.81	1116.8	4485.98
369.91	1116.7	4467.59
370.01	1116.6	4341.37
370.11	1116.5	4349.65
370.21	1116.4	4370.71
370.31	1116.3	4437.22
370.41	1116.2	4489.59
370.51	1116.1	4444.7
370.61	1116	4405.17
370.71	1115.9	4383.04
370.81	1115.8	4448.64
370.91	1115.7	4431.11
371.01	1115.6	4486.18
371.11	1115.5	4388
371.21	1115.4	4409.12
371.31	1115.3	4386.9
371.41	1115.2	4428.26
371.51	1115.1	4500.58
371.61	1115	4448.38
371.71	1114.9	4489.09
371.81	1114.8	4390.2
371.91	1114.7	4468.89
372.01	1114.6	4453.18
372.11	1114.5	4393
372.21	1114.4	4396.77
372.31	1114.3	4332.79
372.41	1114.2	4274.12
372.51	1114.1	4382.52
372.61	1114	4404.16
372.71	1113.9	4387.28
372.81	1113.8	4395.7
372.91	1113.7	4420.74
373.01	1113.6	4312
373.11	1113.5	4370.98
373.21	1113.4	4377.65
373.31	1113.3	4309.19
373.41	1113.2	4318.76
373.51	1113.1	4364.81
373.61	1113	4440.02
373.71	1112.9	4360.88
373.81	1112.8	4293.92
373.91	1112.7	4310.28
374.01	1112.6	4332.35
374.11	1112.5	4406.43
374.21	1112.4	4279.09
374.31	1112.3	4327.71
374.41	1112.2	4287.76
374.51	1112.1	4418.7
374.61	1112	4397.79
374.71	1111.9	4405.56
374.81	1111.8	4306.1
374.91	1111.7	4369.62
375.01	1111.6	4409.03
375.11	1111.5	4321.5
375.21	1111.4	4373.64
375.31	1111.3	4365.19
375.41	1111.2	4336.25
375.51	1111.1	4327.79
375.61	1111	4225.64
375.71	1110.9	4294.3
375.81	1110.8	4379.32
375.91	1110.7	4315.28
376.01	1110.6	4383.32
376.11	1110.5	4227.13
376.21	1110.4	4255.52
376.31	1110.3	4262.08
376.41	1110.2	4325.21
376.51	1110.1	4293.49
376.61	1110	4299.92
376.71	1109.9	4304.52
376.81	1109.8	4323.1
376.91	1109.7	4357.75
377.01	1109.6	4319.35
377.11	1109.5	4291
377.21	1109.4	4369.56
377.31	1109.3	4358.57
377.41	1109.2	4384.28
377.51	1109.1	4364.52
377.61	1109	4398
377.71	1108.9	4404.87
377.81	1108.8	4391.03
377.91	1108.7	4279.8
378.01	1108.6	4235.46
378.11	1108.5	4282.39
378.21	1108.4	4243.24
378.31	1108.3	4306.91
378.41	1108.2	4265.83
378.51	1108.1	4301.54
378.61	1108	4270.4
378.71	1107.9	4269.79
378.81	1107.8	4398.46
378.91	1107.7	4388.14
379.01	1107.6	4315.22
379.11	1107.5	4239.99
379.21	1107.4	4326.7
379.31	1107.3	4429.09
379.41	1107.2	4338.08
379.51	1107.1	4451.43
379.61	1107	4477.9
379.71	1106.9	4285.34
379.81	1106.8	4320.18
379.91	1106.7	4278.23
380.01	1106.6	4316.09
380.11	1106.5	4410.39
380.21	1106.4	4314.68
380.31	1106.3	4408.62
380.41	1106.2	4393.01
380.51	1106.1	4238.98
380.61	1106	4311.42
380.71	1105.9	4329.88
380.81	1105.8	4272.61
380.91	1105.7	4324.72
381.01	1105.6	4218.21
381.11	1105.5	4290.68
381.21	1105.4	4318.35
381.31	1105.3	4267.58
381.41	1105.2	4339.78
381.51	1105.1	4402.08
381.61	1105	4402.28
381.71	1104.9	4294.02
381.81	1104.8	4265.32
381.91	1104.7	4304.24
382.01	1104.6	4295.27
382.11	1104.5	4358.8
382.21	1104.4	4350.76
382.31	1104.3	4365.13
382.41	1104.2	4296.8
382.51	1104.1	4258.42
382.61	1104	4342.24
382.71	1103.9	4408.85
382.81	1103.8	4385.91
382.91	1103.7	4330.43
383.01	1103.6	4448.85
383.11	1103.5	4447.45
383.21	1103.4	4369.63
383.31	1103.3	4338.78
383.41	1103.2	4385.68
383.51	1103.1	4436.11
383.61	1103	4374.29
383.71	1102.9	4354.85
383.81	1102.8	4416.09
383.91	1102.7	4418.59
384.01	1102.6	4348.9
384.11	1102.5	4318.71
384.21	1102.4	4373.73
384.31	1102.3	4315.57
384.41	1102.2	4331.25
384.51	1102.1	4271.78
384.61	1102	4273.53
384.71	1101.9	4373.8
384.81	1101.8	4365.24
384.91	1101.7	4283.65
385.01	1101.6	4255.42
385.11	1101.5	4341.64
385.21	1101.4	4365.78
385.31	1101.3	4419.6
385.41	1101.2	4356.84
385.51	1101.1	4358.67
385.61	1101	4353.01
385.71	1100.9	4342.57
385.81	1100.8	4318.83
385.91	1100.7	4339.32
386.01	1100.6	4408.92
386.11	1100.5	4345.8
386.21	1100.4	4308.67
386.31	1100.3	4328.25
386.41	1100.2	4424.6
386.51	1100.1	4382
386.61	1100	4353.75