c:\users\mark\owncloud\muelheim group\projects\gas phase background\ex340_cec356_ag he arm22.vms
AgMNN
	Characteristic Energy eV	1486.61	Acquisition Time s	2.8
KE_AgMNN	BE_AgMNN	CPS_AgMNN
266.61	1220	4546.21
266.71	1219.9	4582.21
266.81	1219.8	4554.96
266.91	1219.7	4571.5
267.01	1219.6	4515.36
267.11	1219.5	4531.04
267.21	1219.4	4525.21
267.31	1219.3	4554.07
267.41	1219.2	4517.82
267.51	1219.1	4554
267.61	1219	4477.93
267.71	1218.9	4508.14
267.81	1218.8	4516.18
267.91	1218.7	4433.75
268.01	1218.6	4490.07
268.11	1218.5	4520.75
268.21	1218.4	4467.57
268.31	1218.3	4462.61
268.41	1218.2	4531.79
268.51	1218.1	4504.54
268.61	1218	4431.71
268.71	1217.9	4435.82
268.81	1217.8	4436.96
268.91	1217.7	4474.82
269.01	1217.6	4538.68
269.11	1217.5	4481.71
269.21	1217.4	4436.29
269.31	1217.3	4401.79
269.41	1217.2	4407.04
269.51	1217.1	4427
269.61	1217	4438.86
269.71	1216.9	4408.93
269.81	1216.8	4470.71
269.91	1216.7	4433.29
270.01	1216.6	4401.89
270.11	1216.5	4422.21
270.21	1216.4	4415.5
270.31	1216.3	4467.54
270.41	1216.2	4440.89
270.51	1216.1	4403.07
270.61	1216	4370.11
270.71	1215.9	4387.89
270.81	1215.8	4410.75
270.91	1215.7	4416.79
271.01	1215.6	4391.14
271.11	1215.5	4404.11
271.21	1215.4	4405.18
271.31	1215.3	4394.32
271.41	1215.2	4382.54
271.51	1215.1	4431.96
271.61	1215	4416.82
271.71	1214.9	4371.18
271.81	1214.8	4370.46
271.91	1214.7	4345.82
272.01	1214.6	4344.71
272.11	1214.5	4323.21
272.21	1214.4	4356.93
272.31	1214.3	4339.36
272.41	1214.2	4322.39
272.51	1214.1	4403.11
272.61	1214	4326.71
272.71	1213.9	4354.71
272.81	1213.8	4390.25
272.91	1213.7	4355.21
273.01	1213.6	4327.89
273.11	1213.5	4376.46
273.21	1213.4	4380.61
273.31	1213.3	4372.07
273.41	1213.2	4313.25
273.51	1213.1	4355.29
273.61	1213	4357.82
273.71	1212.9	4352.39
273.81	1212.8	4393.21
273.91	1212.7	4314.79
274.01	1212.6	4380
274.11	1212.5	4361.21
274.21	1212.4	4293.54
274.31	1212.3	4254.39
274.41	1212.2	4300.68
274.51	1212.1	4349.5
274.61	1212	4319.39
274.71	1211.9	4375.43
274.81	1211.8	4324.82
274.91	1211.7	4261.79
275.01	1211.6	4325.96
275.11	1211.5	4314.21
275.21	1211.4	4372.39
275.31	1211.3	4300.18
275.41	1211.2	4362.75
275.51	1211.1	4306.71
275.61	1211	4314
275.71	1210.9	4340.86
275.81	1210.8	4353.61
275.91	1210.7	4355.25
276.01	1210.6	4324.46
276.11	1210.5	4281.21
276.21	1210.4	4373.79
276.31	1210.3	4383.89
276.41	1210.2	4367.11
276.51	1210.1	4335.93
276.61	1210	4305.46
276.71	1209.9	4315.14
276.81	1209.8	4329.07
276.91	1209.7	4331.04
277.01	1209.6	4352.93
277.11	1209.5	4363.79
277.21	1209.4	4380.82
277.31	1209.3	4333.36
277.41	1209.2	4312.57
277.51	1209.1	4296.79
277.61	1209	4331.07
277.71	1208.9	4319.39
277.81	1208.8	4337.5
277.91	1208.7	4341.11
278.01	1208.6	4341.68
278.11	1208.5	4365.21
278.21	1208.4	4353.61
278.31	1208.3	4378.54
278.41	1208.2	4291.71
278.51	1208.1	4316.54
278.61	1208	4267.36
278.71	1207.9	4357.07
278.81	1207.8	4352.32
278.91	1207.7	4335.86
279.01	1207.6	4348.18
279.11	1207.5	4292.29
279.21	1207.4	4309.61
279.31	1207.3	4340.04
279.41	1207.2	4301.29
279.51	1207.1	4340.32
279.61	1207	4332.07
279.71	1206.9	4310.71
279.81	1206.8	4336.89
279.91	1206.7	4384.04
280.01	1206.6	4319.29
280.11	1206.5	4341.79
280.21	1206.4	4393.11
280.31	1206.3	4340.43
280.41	1206.2	4326.25
280.51	1206.1	4324.39
280.61	1206	4341.96
280.71	1205.9	4280.57
280.81	1205.8	4322
280.91	1205.7	4360.57
281.01	1205.6	4295.07
281.11	1205.5	4280.43
281.21	1205.4	4296
281.31	1205.3	4342.46
281.41	1205.2	4317.61
281.51	1205.1	4365.61
281.61	1205	4329.68
281.71	1204.9	4319.79
281.81	1204.8	4308.71
281.91	1204.7	4310.75
282.01	1204.6	4331.61
282.11	1204.5	4287.32
282.21	1204.4	4312.36
282.31	1204.3	4284.79
282.41	1204.2	4288.71
282.51	1204.1	4275.61
282.61	1204	4303.46
282.71	1203.9	4296.61
282.81	1203.8	4288.71
282.91	1203.7	4322.14
283.01	1203.6	4330.86
283.11	1203.5	4291.75
283.21	1203.4	4336.11
283.31	1203.3	4306.68
283.41	1203.2	4350.04
283.51	1203.1	4376.25
283.61	1203	4396.43
283.71	1202.9	4298.11
283.81	1202.8	4355.86
283.91	1202.7	4362.43
284.01	1202.6	4362.57
284.11	1202.5	4353.43
284.21	1202.4	4355
284.31	1202.3	4368.07
284.41	1202.2	4326.89
284.51	1202.1	4382.93
284.61	1202	4319.25
284.71	1201.9	4335.36
284.81	1201.8	4286.32
284.91	1201.7	4336.07
285.01	1201.6	4371.29
285.11	1201.5	4343.57
285.21	1201.4	4363.89
285.31	1201.3	4331.61
285.41	1201.2	4384.32
285.51	1201.1	4374.32
285.61	1201	4396.89
285.71	1200.9	4353.29
285.81	1200.8	4351.75
285.91	1200.7	4330.64
286.01	1200.6	4317.11
286.11	1200.5	4341.57
286.21	1200.4	4335.75
286.31	1200.3	4327.43
286.41	1200.2	4357.29
286.51	1200.1	4390.61
286.61	1200	4366.39
286.71	1199.9	4389.5
286.81	1199.8	4410.43
286.91	1199.7	4355.82
287.01	1199.6	4351.61
287.11	1199.5	4365.68
287.21	1199.4	4409.82
287.31	1199.3	4339.5
287.41	1199.2	4399.21
287.51	1199.1	4389.07
287.61	1199	4358.71
287.71	1198.9	4400.29
287.81	1198.8	4450.46
287.91	1198.7	4445.32
288.01	1198.6	4365.61
288.11	1198.5	4379.64
288.21	1198.4	4381.89
288.31	1198.3	4449
288.41	1198.2	4368.57
288.51	1198.1	4393.96
288.61	1198	4426.43
288.71	1197.9	4421.04
288.81	1197.8	4426.68
288.91	1197.7	4374.29
289.01	1197.6	4379.79
289.11	1197.5	4397.14
289.21	1197.4	4429.54
289.31	1197.3	4403.36
289.41	1197.2	4415.46
289.51	1197.1	4414.61
289.61	1197	4401.14
289.71	1196.9	4416.07
289.81	1196.8	4394.93
289.91	1196.7	4405.75
290.01	1196.6	4459.71
290.11	1196.5	4456.68
290.21	1196.4	4419.71
290.31	1196.3	4443.93
290.41	1196.2	4513.25
290.51	1196.1	4512.64
290.61	1196	4378.25
290.71	1195.9	4411.93
290.81	1195.8	4422.57
290.91	1195.7	4432.82
291.01	1195.6	4481
291.11	1195.5	4498.11
291.21	1195.4	4429.68
291.31	1195.3	4450.54
291.41	1195.2	4481.39
291.51	1195.1	4391.71
291.61	1195	4446.29
291.71	1194.9	4399.54
291.81	1194.8	4469.43
291.91	1194.7	4442
292.01	1194.6	4402.46
292.11	1194.5	4425.46
292.21	1194.4	4461.11
292.31	1194.3	4449.11
292.41	1194.2	4395.96
292.51	1194.1	4449.89
292.61	1194	4398.25
292.71	1193.9	4470
292.81	1193.8	4431.29
292.91	1193.7	4453.71
293.01	1193.6	4484.25
293.11	1193.5	4488.75
293.21	1193.4	4533.89
293.31	1193.3	4475.93
293.41	1193.2	4432.29
293.51	1193.1	4505.71
293.61	1193	4417.43
293.71	1192.9	4435.57
293.81	1192.8	4447.21
293.91	1192.7	4489.43
294.01	1192.6	4424.57
294.11	1192.5	4449.32
294.21	1192.4	4434.46
294.31	1192.3	4460.96
294.41	1192.2	4434.75
294.51	1192.1	4412.93
294.61	1192	4462.46
294.71	1191.9	4463.71
294.81	1191.8	4477.43
294.91	1191.7	4471.11
295.01	1191.6	4447.64
295.11	1191.5	4500.61
295.21	1191.4	4482
295.31	1191.3	4464.68
295.41	1191.2	4436.46
295.51	1191.1	4463.71
295.61	1191	4451.93
295.71	1190.9	4456.64
295.81	1190.8	4409.04
295.91	1190.7	4463.96
296.01	1190.6	4424.71
296.11	1190.5	4481.36
296.21	1190.4	4482.54
296.31	1190.3	4478.18
296.41	1190.2	4445.57
296.51	1190.1	4413.25
296.61	1190	4454.25
296.71	1189.9	4470.11
296.81	1189.8	4448.46
296.91	1189.7	4462.39
297.01	1189.6	4367.18
297.11	1189.5	4409.89
297.21	1189.4	4386.61
297.31	1189.3	4447.18
297.41	1189.2	4414.61
297.51	1189.1	4416.96
297.61	1189	4447.93
297.71	1188.9	4397.82
297.81	1188.8	4427.64
297.91	1188.7	4374.18
298.01	1188.6	4428.04
298.11	1188.5	4439.25
298.21	1188.4	4475.04
298.31	1188.3	4426.21
298.41	1188.2	4393.64
298.51	1188.1	4381.36
298.61	1188	4402.86
298.71	1187.9	4420.07
298.81	1187.8	4428.61
298.91	1187.7	4408.82
299.01	1187.6	4449.36
299.11	1187.5	4443.96
299.21	1187.4	4467.86
299.31	1187.3	4425.36
299.41	1187.2	4447.39
299.51	1187.1	4432.36
299.61	1187	4422.36
299.71	1186.9	4401.43
299.81	1186.8	4428.68
299.91	1186.7	4421.68
300.01	1186.6	4409.89
300.11	1186.5	4408.68
300.21	1186.4	4412.82
300.31	1186.3	4409.71
300.41	1186.2	4394.25
300.51	1186.1	4395.79
300.61	1186	4368.39
300.71	1185.9	4445.5
300.81	1185.8	4425.5
300.91	1185.7	4342.68
301.01	1185.6	4403.04
301.11	1185.5	4367.46
301.21	1185.4	4429.07
301.31	1185.3	4371.54
301.41	1185.2	4349.21
301.51	1185.1	4344.14
301.61	1185	4390.54
301.71	1184.9	4376.25
301.81	1184.8	4326.61
301.91	1184.7	4356.57
302.01	1184.6	4326.71
302.11	1184.5	4314.29
302.21	1184.4	4334.04
302.31	1184.3	4270.11
302.41	1184.2	4287.71
302.51	1184.1	4339.32
302.61	1184	4267.07
302.71	1183.9	4251.61
302.81	1183.8	4304.54
302.91	1183.7	4275.46
303.01	1183.6	4228.79
303.11	1183.5	4248.46
303.21	1183.4	4245.14
303.31	1183.3	4258.61
303.41	1183.2	4175.75
303.51	1183.1	4203.79
303.61	1183	4226.07
303.71	1182.9	4212.75
303.81	1182.8	4221.61
303.91	1182.7	4257.79
304.01	1182.6	4202.39
304.11	1182.5	4205.75
304.21	1182.4	4204.96
304.31	1182.3	4221.54
304.41	1182.2	4266.86
304.51	1182.1	4234.14
304.61	1182	4116.25
304.71	1181.9	4120.18
304.81	1181.8	4162.46
304.91	1181.7	4097.5
305.01	1181.6	4102.07
305.11	1181.5	4103.32
305.21	1181.4	4077.5
305.31	1181.3	4098.86
305.41	1181.2	4107.79
305.51	1181.1	4069.61
305.61	1181	4063.25
305.71	1180.9	4100.21
305.81	1180.8	4076.21
305.91	1180.7	4073.61
306.01	1180.6	4047.43
306.11	1180.5	4034.68
306.21	1180.4	4062.07
306.31	1180.3	4041.11
306.41	1180.2	4022.39
306.51	1180.1	4019.68
306.61	1180	4061.71
306.71	1179.9	4011.79
306.81	1179.8	4028.71
306.91	1179.7	3999.61
307.01	1179.6	3960.89
307.11	1179.5	3955.93
307.21	1179.4	4022.14
307.31	1179.3	3988.21
307.41	1179.2	3929.36
307.51	1179.1	3913.11
307.61	1179	3994.25
307.71	1178.9	3996.89
307.81	1178.8	3943.71
307.91	1178.7	3934.93
308.01	1178.6	3973.68
308.11	1178.5	3937.46
308.21	1178.4	3962.5
308.31	1178.3	3947.75
308.41	1178.2	3952.46
308.51	1178.1	3925.43
308.61	1178	3928.68
308.71	1177.9	3856.79
308.81	1177.8	3912.39
308.91	1177.7	3881.75
309.01	1177.6	3830.54
309.11	1177.5	3844.29
309.21	1177.4	3831.89
309.31	1177.3	3870.68
309.41	1177.2	3860.61
309.51	1177.1	3809
309.61	1177	3836.32
309.71	1176.9	3814.5
309.81	1176.8	3834.14
309.91	1176.7	3808.64
310.01	1176.6	3790.86
310.11	1176.5	3831.54
310.21	1176.4	3836.14
310.31	1176.3	3834.25
310.41	1176.2	3774.57
310.51	1176.1	3799.18
310.61	1176	3811.93
310.71	1175.9	3752.39
310.81	1175.8	3697.75
310.91	1175.7	3771.21
311.01	1175.6	3788.46
311.11	1175.5	3751.64
311.21	1175.4	3786.39
311.31	1175.3	3786.07
311.41	1175.2	3723.57
311.51	1175.1	3750.75
311.61	1175	3787.71
311.71	1174.9	3791.43
311.81	1174.8	3704.07
311.91	1174.7	3679.11
312.01	1174.6	3690.25
312.11	1174.5	3700.07
312.21	1174.4	3687.54
312.31	1174.3	3703.11
312.41	1174.2	3753.68
312.51	1174.1	3741.96
312.61	1174	3692.89
312.71	1173.9	3710.54
312.81	1173.8	3726.71
312.91	1173.7	3695.96
313.01	1173.6	3762.25
313.11	1173.5	3727.25
313.21	1173.4	3707.64
313.31	1173.3	3666.75
313.41	1173.2	3711.18
313.51	1173.1	3736.89
313.61	1173	3737.46
313.71	1172.9	3780.32
313.81	1172.8	3701.79
313.91	1172.7	3762.71
314.01	1172.6	3723.39
314.11	1172.5	3732.11
314.21	1172.4	3669.64
314.31	1172.3	3695.68
314.41	1172.2	3679.39
314.51	1172.1	3633.39
314.61	1172	3710.39
314.71	1171.9	3715
314.81	1171.8	3693.07
314.91	1171.7	3748.75
315.01	1171.6	3739.71
315.11	1171.5	3682.04
315.21	1171.4	3670.14
315.31	1171.3	3710.11
315.41	1171.2	3700.32
315.51	1171.1	3690.21
315.61	1171	3686.79
315.71	1170.9	3699.57
315.81	1170.8	3705.54
315.91	1170.7	3711.21
316.01	1170.6	3690.57
316.11	1170.5	3690.93
316.21	1170.4	3691.89
316.31	1170.3	3703.25
316.41	1170.2	3688.21
316.51	1170.1	3709.54
316.61	1170	3692.86
316.71	1169.9	3688.5
316.81	1169.8	3686.39
316.91	1169.7	3742.71
317.01	1169.6	3778.32
317.11	1169.5	3712.21
317.21	1169.4	3688
317.31	1169.3	3747
317.41	1169.2	3721.11
317.51	1169.1	3669.04
317.61	1169	3647.89
317.71	1168.9	3652.79
317.81	1168.8	3710.25
317.91	1168.7	3665.36
318.01	1168.6	3646.14
318.11	1168.5	3662.71
318.21	1168.4	3722.11
318.31	1168.3	3681.04
318.41	1168.2	3716.89
318.51	1168.1	3709.04
318.61	1168	3684.64
318.71	1167.9	3691.25
318.81	1167.8	3733.79
318.91	1167.7	3782.32
319.01	1167.6	3667.5
319.11	1167.5	3706.82
319.21	1167.4	3747.82
319.31	1167.3	3743.61
319.41	1167.2	3709.11
319.51	1167.1	3692.14
319.61	1167	3726.96
319.71	1166.9	3708.29
319.81	1166.8	3768.64
319.91	1166.7	3671.21
320.01	1166.6	3729.18
320.11	1166.5	3741.82
320.21	1166.4	3707.86
320.31	1166.3	3706.93
320.41	1166.2	3720.54
320.51	1166.1	3700.14
320.61	1166	3698.82
320.71	1165.9	3700.89
320.81	1165.8	3709.61
320.91	1165.7	3714.29
321.01	1165.6	3770.79
321.11	1165.5	3685.57
321.21	1165.4	3704.61
321.31	1165.3	3809.68
321.41	1165.2	3806.43
321.51	1165.1	3813.68
321.61	1165	3783.36
321.71	1164.9	3780.89
321.81	1164.8	3755.68
321.91	1164.7	3727.82
322.01	1164.6	3744.86
322.11	1164.5	3747.21
322.21	1164.4	3724.68
322.31	1164.3	3740
322.41	1164.2	3732.64
322.51	1164.1	3757.93
322.61	1164	3784.5
322.71	1163.9	3749.46
322.81	1163.8	3747.11
322.91	1163.7	3789.46
323.01	1163.6	3796.82
323.11	1163.5	3788.18
323.21	1163.4	3755.46
323.31	1163.3	3801
323.41	1163.2	3779.68
323.51	1163.1	3782.39
323.61	1163	3777.82
323.71	1162.9	3801.04
323.81	1162.8	3806.86
323.91	1162.7	3830.89
324.01	1162.6	3803.25
324.11	1162.5	3786.61
324.21	1162.4	3792.64
324.31	1162.3	3794.57
324.41	1162.2	3835.75
324.51	1162.1	3800.57
324.61	1162	3844.29
324.71	1161.9	3825.64
324.81	1161.8	3858.39
324.91	1161.7	3860.54
325.01	1161.6	3840.21
325.11	1161.5	3892.75
325.21	1161.4	3840.04
325.31	1161.3	3788.14
325.41	1161.2	3834.57
325.51	1161.1	3878.36
325.61	1161	3901.07
325.71	1160.9	3855.71
325.81	1160.8	3816.61
325.91	1160.7	3838.57
326.01	1160.6	3841.61
326.11	1160.5	3861.46
326.21	1160.4	3848.11
326.31	1160.3	3890.54
326.41	1160.2	3904.79
326.51	1160.1	3843.43
326.61	1160	3816.07
326.71	1159.9	3925.46
326.81	1159.8	3885.71
326.91	1159.7	3938.96
327.01	1159.6	3914.32
327.11	1159.5	3873.11
327.21	1159.4	3908.39
327.31	1159.3	3833.93
327.41	1159.2	3898.32
327.51	1159.1	3890.36
327.61	1159	3938.79
327.71	1158.9	3882
327.81	1158.8	3931.57
327.91	1158.7	3899.68
328.01	1158.6	3878.11
328.11	1158.5	3957.32
328.21	1158.4	3931.5
328.31	1158.3	3905.79
328.41	1158.2	3956.14
328.51	1158.1	3912.46
328.61	1158	3955.11
328.71	1157.9	3905.32
328.81	1157.8	3919.96
328.91	1157.7	3938.82
329.01	1157.6	3925.71
329.11	1157.5	3854.32
329.21	1157.4	3891.36
329.31	1157.3	3933.68
329.41	1157.2	3896.68
329.51	1157.1	3934.04
329.61	1157	3932.68
329.71	1156.9	3926.43
329.81	1156.8	3909.71
329.91	1156.7	3927.18
330.01	1156.6	3947.61
330.11	1156.5	3933.61
330.21	1156.4	3962.07
330.31	1156.3	4040.21
330.41	1156.2	4022.21
330.51	1156.1	4049.25
330.61	1156	4023.54
330.71	1155.9	4014.86
330.81	1155.8	4121.43
330.91	1155.7	4008.43
331.01	1155.6	3945.18
331.11	1155.5	3956.61
331.21	1155.4	3921
331.31	1155.3	3959.57
331.41	1155.2	3979.25
331.51	1155.1	3958.29
331.61	1155	3934.18
331.71	1154.9	3914.46
331.81	1154.8	3952.75
331.91	1154.7	3941.25
332.01	1154.6	3936.21
332.11	1154.5	3907.93
332.21	1154.4	3806.14
332.31	1154.3	3875.64
332.41	1154.2	3847.29
332.51	1154.1	3916.32
332.61	1154	3899.18
332.71	1153.9	3853.54
332.81	1153.8	3876.89
332.91	1153.7	3857.93
333.01	1153.6	3828.71
333.11	1153.5	3860.18
333.21	1153.4	3838.18
333.31	1153.3	3763.75
333.41	1153.2	3846.75
333.51	1153.1	3860.89
333.61	1153	3811.29
333.71	1152.9	3731.79
333.81	1152.8	3740.25
333.91	1152.7	3777.5
334.01	1152.6	3777.64
334.11	1152.5	3806.93
334.21	1152.4	3801.04
334.31	1152.3	3803.64
334.41	1152.2	3722.71
334.51	1152.1	3782.14
334.61	1152	3720.64
334.71	1151.9	3756.61
334.81	1151.8	3757.46
334.91	1151.7	3783.82
335.01	1151.6	3790.75
335.11	1151.5	3807.18
335.21	1151.4	3725.18
335.31	1151.3	3688.29
335.41	1151.2	3709.82
335.51	1151.1	3730.57
335.61	1151	3735.57
335.71	1150.9	3742.96
335.81	1150.8	3752.57
335.91	1150.7	3726.25
336.01	1150.6	3762.86
336.11	1150.5	3778.21
336.21	1150.4	3780.43
336.31	1150.3	3823.25
336.41	1150.2	3782.32
336.51	1150.1	3800.07
336.61	1150	3798.82
336.71	1149.9	3770.14
336.81	1149.8	3725.21
336.91	1149.7	3736.86
337.01	1149.6	3728.61
337.11	1149.5	3739.36
337.21	1149.4	3693.14
337.31	1149.3	3681.11
337.41	1149.2	3730.14
337.51	1149.1	3726.39
337.61	1149	3643.57
337.71	1148.9	3734.89
337.81	1148.8	3687.36
337.91	1148.7	3641.25
338.01	1148.6	3611.79
338.11	1148.5	3605.14
338.21	1148.4	3637.57
338.31	1148.3	3629.68
338.41	1148.2	3627.5
338.51	1148.1	3650.11
338.61	1148	3659.11
338.71	1147.9	3609.04
338.81	1147.8	3609.07
338.91	1147.7	3570.3
339.01	1147.6	3641.25
339.11	1147.5	3568.47
339.21	1147.4	3553.89
339.31	1147.3	3578.21
339.41	1147.2	3577.46
339.51	1147.1	3577.86
339.61	1147	3583.54
339.71	1146.9	3528.17
339.81	1146.8	3529.47
339.91	1146.7	3569.24
340.01	1146.6	3539.88
340.11	1146.5	3579.43
340.21	1146.4	3610.07
340.31	1146.3	3554.16
340.41	1146.2	3595.82
340.51	1146.1	3582.57
340.61	1146	3536.64
340.71	1145.9	3523.35
340.81	1145.8	3564.3
340.91	1145.7	3537.2
341.01	1145.6	3624.5
341.11	1145.5	3598.75
341.21	1145.4	3542.69
341.31	1145.3	3561.52
341.41	1145.2	3537
341.51	1145.1	3577.21
341.61	1145	3579.14
341.71	1144.9	3585.36
341.81	1144.8	3621.36
341.91	1144.7	3572.46
342.01	1144.6	3519.2
342.11	1144.5	3585.71
342.21	1144.4	3604.39
342.31	1144.3	3576.75
342.41	1144.2	3621.04
342.51	1144.1	3557.2
342.61	1144	3558.3
342.71	1143.9	3576.32
342.81	1143.8	3598.14
342.91	1143.7	3590.86
343.01	1143.6	3601.18
343.11	1143.5	3593.5
343.21	1143.4	3621.14
343.31	1143.3	3662.75
343.41	1143.2	3640.21
343.51	1143.1	3632.14
343.61	1143	3624.86
343.71	1142.9	3591.46
343.81	1142.8	3640.21
343.91	1142.7	3626.07
344.01	1142.6	3630.79
344.11	1142.5	3610.32
344.21	1142.4	3594.82
344.31	1142.3	3684
344.41	1142.2	3710.96
344.51	1142.1	3693.07
344.61	1142	3688.25
344.71	1141.9	3706.93
344.81	1141.8	3665.89
344.91	1141.7	3728.46
345.01	1141.6	3698.11
345.11	1141.5	3717.11
345.21	1141.4	3721.11
345.31	1141.3	3723.5
345.41	1141.2	3745.29
345.51	1141.1	3741.54
345.61	1141	3740.04
345.71	1140.9	3762.86
345.81	1140.8	3734.29
345.91	1140.7	3747.54
346.01	1140.6	3756.21
346.11	1140.5	3748.46
346.21	1140.4	3798.43
346.31	1140.3	3759.32
346.41	1140.2	3749.71
346.51	1140.1	3833.64
346.61	1140	3857.21
346.71	1139.9	3845.29
346.81	1139.8	3824.39
346.91	1139.7	3895.32
347.01	1139.6	3880.36
347.11	1139.5	3850.43
347.21	1139.4	3935.18
347.31	1139.3	3946.21
347.41	1139.2	3952.04
347.51	1139.1	3932.32
347.61	1139	3979.75
347.71	1138.9	3954.54
347.81	1138.8	4012.79
347.91	1138.7	4028.36
348.01	1138.6	4081.64
348.11	1138.5	4129.61
348.21	1138.4	4215.71
348.31	1138.3	4211.04
348.41	1138.2	4311.71
348.51	1138.1	4256.36
348.61	1138	4334.32
348.71	1137.9	4295.39
348.81	1137.8	4313.64
348.91	1137.7	4345.96
349.01	1137.6	4298.46
349.11	1137.5	4294.14
349.21	1137.4	4249.04
349.31	1137.3	4273.18
349.41	1137.2	4295.07
349.51	1137.1	4267.21
349.61	1137	4240.64
349.71	1136.9	4282.43
349.81	1136.8	4313.93
349.91	1136.7	4385.68
350.01	1136.6	4412.54
350.11	1136.5	4398.11
350.21	1136.4	4406.46
350.31	1136.3	4458.61
350.41	1136.2	4475
350.51	1136.1	4461.82
350.61	1136	4499.21
350.71	1135.9	4560.29
350.81	1135.8	4727.32
350.91	1135.7	4867.82
351.01	1135.6	4955
351.11	1135.5	5200.21
351.21	1135.4	5341
351.31	1135.3	5589.79
351.41	1135.2	5951.46
351.51	1135.1	6128.96
351.61	1135	6279.54
351.71	1134.9	6373.75
351.81	1134.8	6405.39
351.91	1134.7	6315.04
352.01	1134.6	6140.21
352.11	1134.5	6088.54
352.21	1134.4	5988.36
352.31	1134.3	5903.04
352.41	1134.2	5856.64
352.51	1134.1	5792.18
352.61	1134	5684.5
352.71	1133.9	5714.89
352.81	1133.8	5691.71
352.91	1133.7	5610.43
353.01	1133.6	5581.86
353.11	1133.5	5529.96
353.21	1133.4	5594.11
353.31	1133.3	5542.93
353.41	1133.2	5510.75
353.51	1133.1	5315.14
353.61	1133	5380.96
353.71	1132.9	5333.43
353.81	1132.8	5188.75
353.91	1132.7	5104.32
354.01	1132.6	4981.11
354.11	1132.5	4844.71
354.21	1132.4	4813.14
354.31	1132.3	4758.57
354.41	1132.2	4729.36
354.51	1132.1	4698.86
354.61	1132	4604.64
354.71	1131.9	4616.86
354.81	1131.8	4577.75
354.91	1131.7	4397.96
355.01	1131.6	4377.5
355.11	1131.5	4386.11
355.21	1131.4	4351.21
355.31	1131.3	4293.11
355.41	1131.2	4270.32
355.51	1131.1	4161.29
355.61	1131	4212.64
355.71	1130.9	4231.46
355.81	1130.8	4231
355.91	1130.7	4268.46
356.01	1130.6	4144.39
356.11	1130.5	4131.96
356.21	1130.4	4189.43
356.31	1130.3	4189.64
356.41	1130.2	4209.93
356.51	1130.1	4178.79
356.61	1130	4226.5
356.71	1129.9	4248.61
356.81	1129.8	4322.75
356.91	1129.7	4398.64
357.01	1129.6	4437
357.11	1129.5	4597.61
357.21	1129.4	4779.71
357.31	1129.3	4987.86
357.41	1129.2	5187.89
357.51	1129.1	5405.07
357.61	1129	5574.75
357.71	1128.9	5667.93
357.81	1128.8	5682.82
357.91	1128.7	5653.36
358.01	1128.6	5577.75
358.11	1128.5	5371.89
358.21	1128.4	5126.21
358.31	1128.3	4905.36
358.41	1128.2	4682.86
358.51	1128.1	4560.82
358.61	1128	4433.71
358.71	1127.9	4254.29
358.81	1127.8	4240.07
358.91	1127.7	4133.39
359.01	1127.6	4129.07
359.11	1127.5	4110.25
359.21	1127.4	4040.82
359.31	1127.3	3930
359.41	1127.2	3879.04
359.51	1127.1	3791.54
359.61	1127	3738.61
359.71	1126.9	3605.57
359.81	1126.8	3510.55
359.91	1126.7	3425.06
360.01	1126.6	3390.17
360.11	1126.5	3358.35
360.21	1126.4	3285.39
360.31	1126.3	3285.55
360.41	1126.2	3227.5
360.51	1126.1	3202.5
360.61	1126	3186.77
360.71	1125.9	3161.25
360.81	1125.8	3109.21
360.91	1125.7	3125.74
361.01	1125.6	3131.66
361.11	1125.5	3111.73
361.21	1125.4	3151.54
361.31	1125.3	3149.94
361.41	1125.2	3165
361.51	1125.1	3080.18
361.61	1125	3090.9
361.71	1124.9	3137
361.81	1124.8	3068.6
361.91	1124.7	3058.07
362.01	1124.6	3105.4
362.11	1124.5	3067.4
362.21	1124.4	3083.36
362.31	1124.3	3110.61
362.41	1124.2	3085.67
362.51	1124.1	3056.11
362.61	1124	3033.48
362.71	1123.9	3052.94
362.81	1123.8	3010.34
362.91	1123.7	3054.11
363.01	1123.6	3014.84
363.11	1123.5	2988.21
363.21	1123.4	2993.94
363.31	1123.3	2934.1
363.41	1123.2	2999.02
363.51	1123.1	3006.34
363.61	1123	3014.46
363.71	1122.9	2982.39
363.81	1122.8	2953.46
363.91	1122.7	2948.78
364.01	1122.6	2938.63
364.11	1122.5	2938.33
364.21	1122.4	2934.31
364.31	1122.3	2915.27
364.41	1122.2	2902.44
364.51	1122.1	2914.77
364.61	1122	2904.98
364.71	1121.9	2884.19
364.81	1121.8	2873.65
364.91	1121.7	2867.49
365.01	1121.6	2889.61
365.11	1121.5	2887.54
365.21	1121.4	2862.1
365.31	1121.3	2860.21
365.41	1121.2	2864.6
365.51	1121.1	2892.2
365.61	1121	2858.96
365.71	1120.9	2823.83
365.81	1120.8	2825.2
365.91	1120.7	2780.93
366.01	1120.6	2824.01
366.11	1120.5	2810.46
366.21	1120.4	2777.8
366.31	1120.3	2786.36
366.41	1120.2	2751.84
366.51	1120.1	2783.4
366.61	1120	2774.14
366.71	1119.9	2783.22
366.81	1119.8	2813.02
366.91	1119.7	2835.61
367.01	1119.6	2759.97
367.11	1119.5	2812.6
367.21	1119.4	2807.79
367.31	1119.3	2817.18
367.41	1119.2	2799.17
367.51	1119.1	2759.37
367.61	1119	2797.47
367.71	1118.9	2794.36
367.81	1118.8	2741.21
367.91	1118.7	2737.11
368.01	1118.6	2764.36
368.11	1118.5	2808.75
368.21	1118.4	2743.54
368.31	1118.3	2769.14
368.41	1118.2	2758.83
368.51	1118.1	2754.96
368.61	1118	2813.9
368.71	1117.9	2749.29
368.81	1117.8	2798.48
368.91	1117.7	2784.21
369.01	1117.6	2777.82
369.11	1117.5	2778.65
369.21	1117.4	2779.67
369.31	1117.3	2742.68
369.41	1117.2	2782.6
369.51	1117.1	2750.61
369.61	1117	2767.73
369.71	1116.9	2726.22
369.81	1116.8	2725.85
369.91	1116.7	2748.36
370.01	1116.6	2722.56
370.11	1116.5	2734.52
370.21	1116.4	2740.71
370.31	1116.3	2735.61
370.41	1116.2	2761.8
370.51	1116.1	2716.18
370.61	1116	2747.63
370.71	1115.9	2723.98
370.81	1115.8	2730.72
370.91	1115.7	2698.95
371.01	1115.6	2696.14
371.11	1115.5	2719.43
371.21	1115.4	2769.24
371.31	1115.3	2751.13
371.41	1115.2	2759.05
371.51	1115.1	2788.79
371.61	1115	2746.21
371.71	1114.9	2735.23
371.81	1114.8	2730.13
371.91	1114.7	2734.5
372.01	1114.6	2742.54
372.11	1114.5	2725.78
372.21	1114.4	2739.94
372.31	1114.3	2737.62
372.41	1114.2	2718.27
372.51	1114.1	2770.51
372.61	1114	2743.94
372.71	1113.9	2767.95
372.81	1113.8	2769.34
372.91	1113.7	2728.65
373.01	1113.6	2718.9
373.11	1113.5	2760.54
373.21	1113.4	2751
373.31	1113.3	2749.87
373.41	1113.2	2725.98
373.51	1113.1	2723.24
373.61	1113	2731.03
373.71	1112.9	2732.19
373.81	1112.8	2706.06
373.91	1112.7	2741.48
374.01	1112.6	2742.83
374.11	1112.5	2754.11
374.21	1112.4	2756.01
374.31	1112.3	2757.68
374.41	1112.2	2763.88
374.51	1112.1	2769.97
374.61	1112	2748.6
374.71	1111.9	2792.56
374.81	1111.8	2704.49
374.91	1111.7	2751.34
375.01	1111.6	2741.62
375.11	1111.5	2742.41
375.21	1111.4	2741.97
375.31	1111.3	2763.85
375.41	1111.2	2739.34
375.51	1111.1	2710.87
375.61	1111	2706.35
375.71	1110.9	2768.59
375.81	1110.8	2736.1
375.91	1110.7	2720.28
376.01	1110.6	2772.17
376.11	1110.5	2762.81
376.21	1110.4	2735.62
376.31	1110.3	2752.79
376.41	1110.2	2739.43
376.51	1110.1	2734.69
376.61	1110	2765.56
376.71	1109.9	2743.76
376.81	1109.8	2744.72
376.91	1109.7	2735.4
377.01	1109.6	2719.36
377.11	1109.5	2762.42
377.21	1109.4	2730.54
377.31	1109.3	2741.78
377.41	1109.2	2756.31
377.51	1109.1	2746.53
377.61	1109	2751.49
377.71	1108.9	2723.81
377.81	1108.8	2768.88
377.91	1108.7	2748.35
378.01	1108.6	2744.7
378.11	1108.5	2739.38
378.21	1108.4	2765.45
378.31	1108.3	2781.04
378.41	1108.2	2753.98
378.51	1108.1	2772.19
378.61	1108	2714.24
378.71	1107.9	2754.83
378.81	1107.8	2794.45
378.91	1107.7	2802.85
379.01	1107.6	2807.85
379.11	1107.5	2812.48
379.21	1107.4	2768.95
379.31	1107.3	2766.4
379.41	1107.2	2755.88
379.51	1107.1	2765.8
379.61	1107	2750.6
379.71	1106.9	2732.99
379.81	1106.8	2751.44
379.91	1106.7	2835.76
380.01	1106.6	2788.45
380.11	1106.5	2782.96
380.21	1106.4	2796
380.31	1106.3	2788.6
380.41	1106.2	2775.55
380.51	1106.1	2732.3
380.61	1106	2757.95
380.71	1105.9	2790.92
380.81	1105.8	2750.1
380.91	1105.7	2800.07
381.01	1105.6	2768.86
381.11	1105.5	2787.76
381.21	1105.4	2808.81
381.31	1105.3	2767.15
381.41	1105.2	2748.17
381.51	1105.1	2732.44
381.61	1105	2769.26
381.71	1104.9	2746.53
381.81	1104.8	2831.51
381.91	1104.7	2802.18
382.01	1104.6	2810.25
382.11	1104.5	2796.16
382.21	1104.4	2769.55
382.31	1104.3	2795.33
382.41	1104.2	2806.28
382.51	1104.1	2802.08
382.61	1104	2765.58
382.71	1103.9	2779.58
382.81	1103.8	2794.13
382.91	1103.7	2787.42
383.01	1103.6	2777.65
383.11	1103.5	2793.7
383.21	1103.4	2806.11
383.31	1103.3	2782.15
383.41	1103.2	2791.75
383.51	1103.1	2787.49
383.61	1103	2804.1
383.71	1102.9	2791.63
383.81	1102.8	2779.07
383.91	1102.7	2814.68
384.01	1102.6	2806.5
384.11	1102.5	2795.88
384.21	1102.4	2783.64
384.31	1102.3	2784.82
384.41	1102.2	2818.58
384.51	1102.1	2788.11
384.61	1102	2823.74
384.71	1101.9	2792.22
384.81	1101.8	2783.94
384.91	1101.7	2803.59
385.01	1101.6	2828.68
385.11	1101.5	2764.56
385.21	1101.4	2764.41
385.31	1101.3	2774
385.41	1101.2	2848.96
385.51	1101.1	2789.33
385.61	1101	2774.06
385.71	1100.9	2790.56
385.81	1100.8	2802.26
385.91	1100.7	2833.04
386.01	1100.6	2796.85
386.11	1100.5	2794.33
386.21	1100.4	2850.83
386.31	1100.3	2824.18
386.41	1100.2	2790.66
386.51	1100.1	2816.43
386.61	1100	2827.43